0.0                                             
0.0                                             
0.0                                             
0.0                                             
0.1                                             
0.1                                             
0.1                                             
0.2                                             
0.2                                             
0.3                                             
0.4                                             
0.5                                             
0.5                                            
0.6                                            
0.7                                            
0.8                                            
1.0                                            
1.1                                            
1.2                                            
1.4                                            
 1.5                                           
 1.7                                           
 1.9                                           
 2.0                                           
 2.2                                           
 2.4                                           
  2.7                                          
  2.9                                          
  3.1                                          
  3.4                                          
   3.6                                         
   3.9                                         
   4.2                                         
   4.5                                         
    4.8                                        
    5.1                                        
    5.5                                        
     5.8                                       
     6.2                                       
      6.6                                      
      7.0                                      
      7.4                                      
       7.8                                     
       8.1                                     
        8.5                                    
        8.9                                    
        9.3                                    
         9.6                                   
         10.0                                   
         10.4                                   
          10.7                                  
          11.1                                  
          11.5                                  
           11.8                                 
           12.2                                 
           12.5                                 
            12.8                                
            13.2                                
             13.5                               
             13.8                               
             14.2                               
              14.5                              
              14.8                              
              15.2                              
              15.5                              
               15.8                             
               16.1                             
               16.4                             
                16.7                            
                17.0                            
                17.3                            
                 17.6                           
                 17.9                           
                 18.2                           
                  18.5                          
                  18.8                          
                  19.1                          
                  19.4                          
                   19.7                         
                   20.0                         
                   20.2                         
                    20.5                        
                    20.8                        
                    21.1                        
                    21.3                        
                     21.6                       
                     21.9                       
                     22.1                       
                     22.4                       
                      22.7                      
                      22.9                      
                      23.2                      
                      23.4                      
                       23.7                     
                       23.9                     
                       24.2                     
                       24.4                     
                        24.7                    
                        24.9                    
                        25.1                    
                        25.4                    
                         25.6                   
                         25.9                   
                         26.1                   
                         26.3                   
                          26.5                  
                          26.8                  
                          27.0                  
                          27.2                  
                          27.4                  
                           27.7                 
                           27.9                 
                           28.1                 
                           28.3                 
                            28.5                
                            28.7                
                            28.9                
                            29.1                
                            29.3                
                             29.6               
                             29.8               
                             30.0               
                             30.2               
                             30.3               
                              30.5              
                              30.7              
                              30.9              
                              31.1              
                              31.3              
                              31.5              
                               31.7             
                               31.9             
                               32.0             
                               32.2             
                               32.4             
                                32.6            
                                32.8            
                                32.9            
                                33.1            
                                33.3            
                                33.5            
                                 33.6           
                                 33.8           
                                 34.0           
                                 34.1           
                                 34.3           
                                 34.4           
                                  34.6          
                                  34.8          
                                  34.9          
                                  35.1          
                                  35.2          
                                  35.4          
                                   35.5         
                                   35.7         
                                   35.8         
                                   36.0         
                                   36.1         
                                   36.3         
                                   36.4         
                                    36.6        
                                    36.7        
                                    36.8        
                                    37.0        
                                    37.1        
                                    37.3        
                                    37.4        
                                     37.5       
                                     37.7       
                                     37.8       
                                     37.9       
                                     38.0       
                                     38.2       
                                     38.3       
                                     38.4       
                                      38.5      
                                      38.7      
                                      38.8      
                                      38.9      
                                      39.0      
                                      39.1      
                                      39.3      
                                      39.4      
                                      39.5      
                                       39.6     
                                       39.7     
                                       39.8     
                                       39.9     
                                       40.0     
                                       40.1     
                                       40.3     
                                       40.4     
                                       40.5     
                                        40.6    
                                        40.7    
                                        40.8    
                                        40.9    
                                        41.0    
                                        41.1    
                                        41.1    
                                        41.2    
                                        41.3    
                                        41.4    
                                         41.5   
                                         41.6   
                                         41.7   
                                         41.8   
                                         41.9   
                                         42.0   
                                         42.0   
                                         42.1   
                                         42.2   
                                         42.3   
                                         42.4   
                                         42.4   
                                          42.5  
                                          42.6  
                                          42.7  
                                          42.7  
                                          42.8  
                                          42.9  
                                          43.0  
                                          43.0  
                                          43.1  
                                          43.2  
                                          43.2  
                                          43.3  
                                          43.4  
                                          43.4  
                                          43.5  
                                           43.5 
                                           43.6 
                                           43.7 
                                           43.7 
                                           43.8 
                                           43.8 
                                           43.9 
                                           43.9 
                                           44.0 
                                           44.0 
                                           44.1 
                                           44.2 
                                           44.2 
                                           44.2 
                                           44.3 
                                           44.3 
                                           44.4 
                                           44.4 
                                           44.5 
                                            44.5
                                            44.6
                                            44.6
                                            44.6
                                            44.7
                                            44.7
                                            44.7
                                            44.8
                                            44.8
                                            44.8
                                            44.9
                                            44.9
                                            44.9
                                            45.0
                                            45.0
                                            45.0
                                            45.0
                                            45.1
                                            45.1
                                            45.1
                                            45.1
                                            45.2
                                            45.2
                                            45.2
                                            45.2
                                            45.2
                                            45.2
                                            45.3
                                            45.3
                                            45.3
                                            45.3
                                            45.3
                                            45.3
                                            45.3
                                            45.3
                                            45.3
                                            45.4
                                            45.4
                                            45.4
                                            45.4
                                            45.4
                                            45.4
                                            45.4
                                            45.4
                                            45.4
                                            45.4
                                            45.4
                                            45.4
                                            45.4
                                            45.3
                                            45.3
                                            45.3
