0.0                
0.0                
0.1                
0.2                
0.4                
0.7               
1.1               
1.4               
 1.7              
 2.1              
 2.4              
  2.7             
  3.0             
  3.3             
   3.6            
   3.9            
   4.2            
   4.4            
    4.7           
    5.0           
    5.2           
    5.5           
     5.7          
     6.0          
     6.2          
     6.4          
      6.6         
      6.9         
      7.1         
      7.3         
       7.5        
       7.7        
       7.9        
       8.1        
       8.3        
        8.5       
        8.7       
        8.9       
        9.1       
        9.3       
        9.5       
         9.6      
         9.8      
         10.0      
         10.1      
         10.3      
         10.5      
          10.6     
          10.8     
          10.9     
          11.1     
          11.2     
          11.4     
           11.5    
           11.7    
           11.8    
           12.0    
           12.1    
           12.2    
           12.4    
           12.5    
            12.6   
            12.8   
            12.9   
            13.0   
            13.1   
            13.3   
            13.4   
            13.5   
             13.6  
             13.7  
             13.8  
             13.9  
             14.0  
             14.2  
             14.3  
             14.4  
             14.5  
              14.6 
              14.7 
              14.8 
              14.9 
              15.0 
              15.1 
              15.2 
              15.2 
              15.3 
              15.4 
               15.5
               15.6
               15.7
               15.8
               15.9
               15.9
               16.0
               16.1
               16.2
               16.2
               16.3
               16.4
               16.5
