t(s)	h(m)	v(m/s)	Vw(m³)	F(N)
0.0000	0.0000	0.0000	0.000500	40.14
0.0050	0.0007	0.2807	0.000490	38.48
0.0101	0.0028	0.5591	0.000480	36.90
0.0153	0.0065	0.8352	0.000470	35.39
0.0206	0.0117	1.1091	0.000460	33.95
0.0260	0.0184	1.3810	0.000450	32.57
0.0316	0.0268	1.6510	0.000440	31.24
0.0372	0.0369	1.9192	0.000430	29.98
0.0430	0.0488	2.1856	0.000420	28.77
0.0489	0.0624	2.4503	0.000410	27.60
0.0549	0.0780	2.7135	0.000400	26.48
0.0611	0.0955	2.9752	0.000390	25.41
0.0673	0.1150	3.2356	0.000380	24.38
0.0738	0.1365	3.4947	0.000370	23.38
0.0803	0.1602	3.7526	0.000360	22.43
0.0870	0.1861	4.0093	0.000350	21.51
0.0938	0.2144	4.2651	0.000340	20.62
0.1008	0.2449	4.5199	0.000330	19.76
0.1079	0.2780	4.7738	0.000320	18.94
0.1151	0.3136	5.0270	0.000310	18.14
0.1226	0.3519	5.2795	0.000300	17.37
0.1301	0.3929	5.5314	0.000290	16.63
0.1379	0.4368	5.7828	0.000280	15.91
0.1458	0.4836	6.0337	0.000270	15.21
0.1539	0.5336	6.2844	0.000260	14.54
0.1622	0.5867	6.5348	0.000250	13.89
0.1707	0.6433	6.7850	0.000240	13.25
0.1794	0.7033	7.0352	0.000230	12.64
0.1883	0.7670	7.2854	0.000220	12.05
0.1974	0.8345	7.5358	0.000210	11.47
0.2067	0.9060	7.7865	0.000200	10.92
0.2163	0.9817	8.0375	0.000190	10.38
0.2261	1.0619	8.2890	0.000180	9.85
0.2362	1.1467	8.5411	0.000170	9.34
0.2466	1.2364	8.7940	0.000160	8.84
0.2572	1.3312	9.0476	0.000150	8.36
0.2681	1.4316	9.3023	0.000140	7.89
0.2794	1.5377	9.5581	0.000130	7.44
0.2910	1.6500	9.8152	0.000120	7.00
0.3029	1.7689	10.0737	0.000110	6.57
0.3153	1.8948	10.3338	0.000100	6.15
0.3280	2.0283	10.5958	0.000090	5.74
0.3412	2.1700	10.8596	0.000080	5.34
0.3549	2.3204	11.1256	0.000070	4.95
0.3691	2.4804	11.3940	0.000060	4.57
0.3839	2.6509	11.6648	0.000050	4.21
0.3993	2.8329	11.9384	0.000040	3.85
0.4155	3.0277	12.2148	0.000030	3.50
0.4324	3.2366	12.4942	0.000020	3.15
0.4502	3.4616	12.7767	0.000010	2.82
0.4690	3.7049	12.9837	0.000000	0.00
0.4790	3.8342	12.8820	0.000000	0.00
0.4890	3.9625	12.7804	0.000000	0.00
0.4990	4.0898	12.6788	0.000000	0.00
0.5090	4.2161	12.5773	0.000000	0.00
0.5190	4.3414	12.4758	0.000000	0.00
0.5290	4.4656	12.3744	0.000000	0.00
0.5390	4.5888	12.2730	0.000000	0.00
0.5490	4.7111	12.1717	0.000000	0.00
0.5590	4.8323	12.0705	0.000000	0.00
0.5690	4.9525	11.9693	0.000000	0.00
0.5790	5.0717	11.8681	0.000000	0.00
0.5890	5.1898	11.7671	0.000000	0.00
0.5990	5.3070	11.6660	0.000000	0.00
0.6090	5.4232	11.5650	0.000000	0.00
0.6190	5.5383	11.4641	0.000000	0.00
0.6290	5.6524	11.3632	0.000000	0.00
0.6390	5.7656	11.2623	0.000000	0.00
0.6490	5.8777	11.1615	0.000000	0.00
0.6590	5.9888	11.0608	0.000000	0.00
0.6690	6.0989	10.9601	0.000000	0.00
0.6790	6.2080	10.8594	0.000000	0.00
0.6890	6.3161	10.7588	0.000000	0.00
0.6990	6.4232	10.6583	0.000000	0.00
0.7090	6.5293	10.5578	0.000000	0.00
0.7190	6.6343	10.4573	0.000000	0.00
0.7290	6.7384	10.3569	0.000000	0.00
0.7390	6.8415	10.2565	0.000000	0.00
0.7490	6.9435	10.1562	0.000000	0.00
0.7590	7.0446	10.0559	0.000000	0.00
0.7690	7.1447	9.9556	0.000000	0.00
0.7790	7.2437	9.8554	0.000000	0.00
0.7890	7.3418	9.7553	0.000000	0.00
0.7990	7.4388	9.6552	0.000000	0.00
0.8090	7.5349	9.5551	0.000000	0.00
0.8190	7.6299	9.4550	0.000000	0.00
0.8290	7.7240	9.3550	0.000000	0.00
0.8390	7.8170	9.2551	0.000000	0.00
0.8490	7.9091	9.1552	0.000000	0.00
0.8590	8.0001	9.0553	0.000000	0.00
0.8690	8.0902	8.9555	0.000000	0.00
0.8790	8.1792	8.8557	0.000000	0.00
0.8890	8.2673	8.7559	0.000000	0.00
0.8990	8.3543	8.6562	0.000000	0.00
0.9090	8.4404	8.5565	0.000000	0.00
0.9190	8.5255	8.4568	0.000000	0.00
0.9290	8.6095	8.3572	0.000000	0.00
0.9390	8.6926	8.2576	0.000000	0.00
0.9490	8.7747	8.1581	0.000000	0.00
0.9590	8.8558	8.0586	0.000000	0.00
0.9690	8.9359	7.9591	0.000000	0.00
0.9790	9.0150	7.8597	0.000000	0.00
0.9890	9.0931	7.7603	0.000000	0.00
0.9990	9.1702	7.6609	0.000000	0.00
1.0090	9.2463	7.5615	0.000000	0.00
1.0190	9.3214	7.4622	0.000000	0.00
1.0290	9.3955	7.3630	0.000000	0.00
1.0390	9.4687	7.2637	0.000000	0.00
1.0490	9.5408	7.1645	0.000000	0.00
1.0590	9.6119	7.0653	0.000000	0.00
1.0690	9.6821	6.9661	0.000000	0.00
1.0790	9.7513	6.8670	0.000000	0.00
1.0890	9.8194	6.7679	0.000000	0.00
1.0990	9.8866	6.6689	0.000000	0.00
1.1090	9.9528	6.5698	0.000000	0.00
1.1190	10.0180	6.4708	0.000000	0.00
1.1290	10.0822	6.3718	0.000000	0.00
1.1390	10.1455	6.2729	0.000000	0.00
1.1490	10.2077	6.1739	0.000000	0.00
1.1590	10.2689	6.0750	0.000000	0.00
1.1690	10.3292	5.9762	0.000000	0.00
1.1790	10.3885	5.8773	0.000000	0.00
1.1890	10.4467	5.7785	0.000000	0.00
1.1990	10.5040	5.6797	0.000000	0.00
1.2090	10.5603	5.5809	0.000000	0.00
1.2190	10.6157	5.4821	0.000000	0.00
1.2290	10.6700	5.3834	0.000000	0.00
1.2390	10.7233	5.2847	0.000000	0.00
1.2490	10.7757	5.1860	0.000000	0.00
1.2590	10.8270	5.0873	0.000000	0.00
1.2690	10.8774	4.9887	0.000000	0.00
1.2790	10.9268	4.8901	0.000000	0.00
1.2890	10.9752	4.7915	0.000000	0.00
1.2990	11.0226	4.6929	0.000000	0.00
1.3090	11.0691	4.5943	0.000000	0.00
1.3190	11.1145	4.4958	0.000000	0.00
1.3290	11.1590	4.3973	0.000000	0.00
1.3390	11.2025	4.2988	0.000000	0.00
1.3490	11.2450	4.2003	0.000000	0.00
1.3590	11.2865	4.1018	0.000000	0.00
1.3690	11.3270	4.0033	0.000000	0.00
1.3790	11.3665	3.9049	0.000000	0.00
1.3890	11.4051	3.8065	0.000000	0.00
1.3990	11.4427	3.7081	0.000000	0.00
1.4090	11.4793	3.6097	0.000000	0.00
1.4190	11.5149	3.5113	0.000000	0.00
1.4290	11.5495	3.4130	0.000000	0.00
1.4390	11.5831	3.3146	0.000000	0.00
1.4490	11.6158	3.2163	0.000000	0.00
1.4590	11.6475	3.1180	0.000000	0.00
1.4690	11.6781	3.0197	0.000000	0.00
1.4790	11.7079	2.9214	0.000000	0.00
1.4890	11.7366	2.8231	0.000000	0.00
1.4990	11.7643	2.7249	0.000000	0.00
1.5090	11.7911	2.6266	0.000000	0.00
1.5190	11.8168	2.5284	0.000000	0.00
1.5290	11.8416	2.4301	0.000000	0.00
1.5390	11.8654	2.3319	0.000000	0.00
1.5490	11.8883	2.2337	0.000000	0.00
1.5590	11.9101	2.1355	0.000000	0.00
1.5690	11.9310	2.0373	0.000000	0.00
1.5790	11.9509	1.9391	0.000000	0.00
1.5890	11.9698	1.8409	0.000000	0.00
1.5990	11.9877	1.7428	0.000000	0.00
1.6090	12.0046	1.6446	0.000000	0.00
1.6190	12.0206	1.5464	0.000000	0.00
1.6290	12.0356	1.4483	0.000000	0.00
1.6390	12.0495	1.3502	0.000000	0.00
1.6490	12.0626	1.2520	0.000000	0.00
1.6590	12.0746	1.1539	0.000000	0.00
1.6690	12.0856	1.0558	0.000000	0.00
1.6790	12.0957	0.9576	0.000000	0.00
1.6890	12.1048	0.8595	0.000000	0.00
1.6990	12.1129	0.7614	0.000000	0.00
1.7090	12.1200	0.6633	0.000000	0.00
1.7190	12.1262	0.5652	0.000000	0.00
1.7290	12.1313	0.4671	0.000000	0.00
1.7390	12.1355	0.3690	0.000000	0.00
1.7490	12.1387	0.2709	0.000000	0.00
1.7590	12.1409	0.1728	0.000000	0.00
1.7690	12.1422	0.0747	0.000000	0.00
1.7790	12.1424	-0.0234	0.000000	0.00
1.7890	12.1417	-0.1215	0.000000	0.00
1.7990	12.1400	-0.2196	0.000000	0.00
1.8090	12.1373	-0.3177	0.000000	0.00
1.8190	12.1336	-0.4158	0.000000	0.00
1.8290	12.1290	-0.5139	0.000000	0.00
1.8390	12.1233	-0.6120	0.000000	0.00
1.8490	12.1167	-0.7101	0.000000	0.00
1.8590	12.1091	-0.8082	0.000000	0.00
1.8690	12.1006	-0.9063	0.000000	0.00
1.8790	12.0910	-1.0043	0.000000	0.00
1.8890	12.0805	-1.1024	0.000000	0.00
1.8990	12.0690	-1.2005	0.000000	0.00
1.9090	12.0565	-1.2986	0.000000	0.00
1.9190	12.0430	-1.3966	0.000000	0.00
1.9290	12.0285	-1.4947	0.000000	0.00
1.9390	12.0131	-1.5927	0.000000	0.00
1.9490	11.9967	-1.6908	0.000000	0.00
1.9590	11.9793	-1.7888	0.000000	0.00
1.9690	11.9609	-1.8868	0.000000	0.00
1.9790	11.9416	-1.9849	0.000000	0.00
1.9890	11.9212	-2.0829	0.000000	0.00
1.9990	11.8999	-2.1809	0.000000	0.00
2.0090	11.8776	-2.2789	0.000000	0.00
2.0190	11.8543	-2.3768	0.000000	0.00
2.0290	11.8301	-2.4748	0.000000	0.00
2.0390	11.8048	-2.5728	0.000000	0.00
2.0490	11.7786	-2.6707	0.000000	0.00
2.0590	11.7514	-2.7687	0.000000	0.00
2.0690	11.7232	-2.8666	0.000000	0.00
2.0790	11.6941	-2.9645	0.000000	0.00
2.0890	11.6639	-3.0624	0.000000	0.00
2.0990	11.6328	-3.1603	0.000000	0.00
2.1090	11.6007	-3.2582	0.000000	0.00
2.1190	11.5677	-3.3561	0.000000	0.00
2.1290	11.5336	-3.4539	0.000000	0.00
2.1390	11.4986	-3.5518	0.000000	0.00
2.1490	11.4626	-3.6496	0.000000	0.00
2.1590	11.4256	-3.7474	0.000000	0.00
2.1690	11.3876	-3.8452	0.000000	0.00
2.1790	11.3487	-3.9429	0.000000	0.00
2.1890	11.3088	-4.0407	0.000000	0.00
2.1990	11.2679	-4.1384	0.000000	0.00
2.2090	11.2260	-4.2362	0.000000	0.00
2.2190	11.1832	-4.3339	0.000000	0.00
2.2290	11.1393	-4.4316	0.000000	0.00
2.2390	11.0945	-4.5292	0.000000	0.00
2.2490	11.0487	-4.6269	0.000000	0.00
2.2590	11.0020	-4.7245	0.000000	0.00
2.2690	10.9543	-4.8221	0.000000	0.00
2.2790	10.9055	-4.9197	0.000000	0.00
2.2890	10.8559	-5.0173	0.000000	0.00
2.2990	10.8052	-5.1148	0.000000	0.00
2.3090	10.7536	-5.2124	0.000000	0.00
2.3190	10.7009	-5.3099	0.000000	0.00
2.3290	10.6474	-5.4074	0.000000	0.00
2.3390	10.5928	-5.5048	0.000000	0.00
2.3490	10.5373	-5.6023	0.000000	0.00
2.3590	10.4808	-5.6997	0.000000	0.00
2.3690	10.4233	-5.7971	0.000000	0.00
2.3790	10.3648	-5.8944	0.000000	0.00
2.3890	10.3054	-5.9918	0.000000	0.00
2.3990	10.2450	-6.0891	0.000000	0.00
2.4090	10.1836	-6.1864	0.000000	0.00
2.4190	10.1213	-6.2837	0.000000	0.00
2.4290	10.0579	-6.3809	0.000000	0.00
2.4390	9.9936	-6.4781	0.000000	0.00
2.4490	9.9284	-6.5753	0.000000	0.00
2.4590	9.8621	-6.6725	0.000000	0.00
2.4690	9.7949	-6.7696	0.000000	0.00
2.4790	9.7267	-6.8667	0.000000	0.00
2.4890	9.6576	-6.9638	0.000000	0.00
2.4990	9.5875	-7.0608	0.000000	0.00
2.5090	9.5164	-7.1578	0.000000	0.00
2.5190	9.4443	-7.2548	0.000000	0.00
2.5290	9.3713	-7.3518	0.000000	0.00
2.5390	9.2973	-7.4487	0.000000	0.00
2.5490	9.2223	-7.5456	0.000000	0.00
2.5590	9.1464	-7.6425	0.000000	0.00
2.5690	9.0695	-7.7393	0.000000	0.00
2.5790	8.9916	-7.8361	0.000000	0.00
2.5890	8.9127	-7.9329	0.000000	0.00
2.5990	8.8329	-8.0296	0.000000	0.00
2.6090	8.7521	-8.1263	0.000000	0.00
2.6190	8.6704	-8.2230	0.000000	0.00
2.6290	8.5877	-8.3196	0.000000	0.00
2.6390	8.5040	-8.4162	0.000000	0.00
2.6490	8.4194	-8.5128	0.000000	0.00
2.6590	8.3337	-8.6093	0.000000	0.00
2.6690	8.2472	-8.7058	0.000000	0.00
2.6790	8.1596	-8.8022	0.000000	0.00
2.6890	8.0711	-8.8987	0.000000	0.00
2.6990	7.9817	-8.9950	0.000000	0.00
2.7090	7.8912	-9.0914	0.000000	0.00
2.7190	7.7998	-9.1877	0.000000	0.00
2.7290	7.7075	-9.2840	0.000000	0.00
2.7390	7.6141	-9.3802	0.000000	0.00
2.7490	7.5199	-9.4764	0.000000	0.00
2.7590	7.4246	-9.5725	0.000000	0.00
2.7690	7.3284	-9.6687	0.000000	0.00
2.7790	7.2312	-9.7647	0.000000	0.00
2.7890	7.1331	-9.8608	0.000000	0.00
2.7990	7.0340	-9.9568	0.000000	0.00
2.8090	6.9340	-10.0527	0.000000	0.00
2.8190	6.8330	-10.1486	0.000000	0.00
2.8290	6.7310	-10.2445	0.000000	0.00
2.8390	6.6281	-10.3403	0.000000	0.00
2.8490	6.5242	-10.4361	0.000000	0.00
2.8590	6.4194	-10.5319	0.000000	0.00
2.8690	6.3136	-10.6276	0.000000	0.00
2.8790	6.2068	-10.7232	0.000000	0.00
2.8890	6.0991	-10.8188	0.000000	0.00
2.8990	5.9904	-10.9144	0.000000	0.00
2.9090	5.8808	-11.0099	0.000000	0.00
2.9190	5.7702	-11.1054	0.000000	0.00
2.9290	5.6587	-11.2008	0.000000	0.00
2.9390	5.5462	-11.2962	0.000000	0.00
2.9490	5.4328	-11.3916	0.000000	0.00
2.9590	5.3184	-11.4869	0.000000	0.00
2.9690	5.2030	-11.5821	0.000000	0.00
2.9790	5.0868	-11.6773	0.000000	0.00
2.9890	4.9695	-11.7725	0.000000	0.00
2.9990	4.8513	-11.8676	0.000000	0.00
3.0090	4.7322	-11.9626	0.000000	0.00
3.0190	4.6120	-12.0576	0.000000	0.00
3.0290	4.4910	-12.1526	0.000000	0.00
3.0390	4.3690	-12.2475	0.000000	0.00
3.0490	4.2460	-12.3424	0.000000	0.00
3.0590	4.1222	-12.4372	0.000000	0.00
3.0690	3.9973	-12.5319	0.000000	0.00
3.0790	3.8715	-12.6266	0.000000	0.00
3.0890	3.7448	-12.7213	0.000000	0.00
3.0990	3.6171	-12.8159	0.000000	0.00
3.1090	3.4885	-12.9105	0.000000	0.00
3.1190	3.3589	-13.0050	0.000000	0.00
3.1290	3.2284	-13.0994	0.000000	0.00
3.1390	3.0969	-13.1938	0.000000	0.00
3.1490	2.9645	-13.2881	0.000000	0.00
3.1590	2.8311	-13.3824	0.000000	0.00
3.1690	2.6968	-13.4767	0.000000	0.00
3.1790	2.5616	-13.5708	0.000000	0.00
3.1890	2.4254	-13.6650	0.000000	0.00
3.1990	2.2883	-13.7590	0.000000	0.00
3.2090	2.1502	-13.8530	0.000000	0.00
3.2190	2.0112	-13.9470	0.000000	0.00
3.2290	1.8713	-14.0409	0.000000	0.00
3.2390	1.7304	-14.1348	0.000000	0.00
3.2490	1.5886	-14.2285	0.000000	0.00
3.2590	1.4458	-14.3223	0.000000	0.00
3.2690	1.3022	-14.4159	0.000000	0.00
3.2790	1.1575	-14.5096	0.000000	0.00
3.2890	1.0120	-14.6031	0.000000	0.00
3.2990	0.8655	-14.6966	0.000000	0.00
3.3090	0.7180	-14.7901	0.000000	0.00
3.3190	0.5697	-14.8834	0.000000	0.00
3.3290	0.4204	-14.9768	0.000000	0.00
3.3390	0.2701	-15.0700	0.000000	0.00
3.3490	0.1190	-15.1632	0.000000	0.00
3.3590	0.0000	0.0000	0.000000	0.00
