1e-05
0.00101
0.00201
0.00301
0.00401
0.00501
0.00601
0.00701
0.00801
0.00901
0.010010000000000002
0.011010000000000002
0.012010000000000003
0.013010000000000004
0.014010000000000005
0.015010000000000006
0.016010000000000007
0.017010000000000008
0.01801000000000001
0.01901000000000001
0.02001000000000001
0.02101000000000001
0.022010000000000012
0.023010000000000013
0.024010000000000014
0.025010000000000015
0.026010000000000016
0.027010000000000017
0.028010000000000018
0.02901000000000002
0.03001000000000002
0.03101000000000002
0.03201000000000002
0.03301000000000002
0.03401000000000002
0.03501000000000002
0.03601000000000002
0.03701000000000002
0.03801000000000002
0.039010000000000024
0.040010000000000025
0.041010000000000026
0.042010000000000026
0.04301000000000003
0.04401000000000003
0.04501000000000003
0.04601000000000003
0.04701000000000003
0.04801000000000003
0.04901000000000003
0.050010000000000034
0.051010000000000034
0.052010000000000035
0.053010000000000036
0.05401000000000004
0.05501000000000004
0.05601000000000004
0.05701000000000004
0.05801000000000004
0.05901000000000004
0.06001000000000004
0.06101000000000004
0.062010000000000044
0.06301000000000004
0.06401000000000004
0.06501000000000004
0.06601000000000004
0.06701000000000004
0.06801000000000004
0.06901000000000004
0.07001000000000004
0.07101000000000005
0.07201000000000005
0.07301000000000005
0.07401000000000005
0.07501000000000005
0.07601000000000005
0.07701000000000005
0.07801000000000005
0.07901000000000005
0.08001000000000005
0.08101000000000005
0.08201000000000006
0.08301000000000006
0.08401000000000006
0.08501000000000006
0.08601000000000006
0.08701000000000006
0.08801000000000006
0.08901000000000006
0.09001000000000006
0.09101000000000006
0.09201000000000006
0.09301000000000006
0.09401000000000007
0.09501000000000007
0.09601000000000007
0.09701000000000007
0.09801000000000007
0.09901000000000007
0.10001000000000007
0.10101000000000007
0.10201000000000007
0.10301000000000007
0.10401000000000007
0.10501000000000008
0.10601000000000008
0.10701000000000008
0.10801000000000008
0.10901000000000008
0.11001000000000008
0.11101000000000008
0.11201000000000008
0.11301000000000008
0.11401000000000008
0.11501000000000008
0.11601000000000009
0.11701000000000009
0.11801000000000009
0.11901000000000009
0.12001000000000009
0.12101000000000009
0.12201000000000009
0.12301000000000009
0.12401000000000009
0.1250100000000001
0.1260100000000001
0.1270100000000001
0.1280100000000001
0.1290100000000001
0.1300100000000001
0.1310100000000001
0.1320100000000001
0.1330100000000001
0.1340100000000001
0.1350100000000001
0.1360100000000001
0.1370100000000001
0.1380100000000001
0.1390100000000001
0.1400100000000001
0.1410100000000001
0.1420100000000001
0.1430100000000001
0.1440100000000001
0.1450100000000001
0.1460100000000001
0.1470100000000001
0.1480100000000001
0.14901000000000011
0.15001000000000012
0.15101000000000012
0.15201000000000012
0.15301000000000012
0.15401000000000012
0.15501000000000012
0.15601000000000012
0.15701000000000012
0.15801000000000012
0.15901000000000012
0.16001000000000012
0.16101000000000013
0.16201000000000013
0.16301000000000013
0.16401000000000013
0.16501000000000013
0.16601000000000013
0.16701000000000013
0.16801000000000013
0.16901000000000013
0.17001000000000013
0.17101000000000013
0.17201000000000014
0.17301000000000014
0.17401000000000014
0.17501000000000014
0.17601000000000014
0.17701000000000014
0.17801000000000014
0.17901000000000014
0.18001000000000014
0.18101000000000014
0.18201000000000014
0.18301000000000014
0.18401000000000015
0.18501000000000015
0.18601000000000015
0.18701000000000015
0.18801000000000015
0.18901000000000015
0.19001000000000015
0.19101000000000015
0.19201000000000015
0.19301000000000015
0.19401000000000015
0.19501000000000016
0.19601000000000016
0.19701000000000016
0.19801000000000016
0.19901000000000016
0.20001000000000016
0.20101000000000016
0.20201000000000016
0.20301000000000016
0.20401000000000016
0.20501000000000016
0.20601000000000017
0.20701000000000017
0.20801000000000017
0.20901000000000017
0.21001000000000017
0.21101000000000017
0.21201000000000017
0.21301000000000017
0.21401000000000017
0.21501000000000017
0.21601000000000017
0.21701000000000017
0.21801000000000018
0.21901000000000018
0.22001000000000018
0.22101000000000018
0.22201000000000018
0.22301000000000018
0.22401000000000018
0.22501000000000018
0.22601000000000018
0.22701000000000018
0.22801000000000018
0.22901000000000019
0.2300100000000002
0.2310100000000002
0.2320100000000002
0.2330100000000002
0.2340100000000002
0.2350100000000002
0.2360100000000002
0.2370100000000002
0.2380100000000002
0.2390100000000002
0.2400100000000002
0.2410100000000002
0.2420100000000002
0.2430100000000002
0.2440100000000002
0.2450100000000002
0.2460100000000002
0.2470100000000002
0.2480100000000002
0.2490100000000002
0.2500100000000002
0.2510100000000002
0.2520100000000002
0.2530100000000002
0.2540100000000002
0.2550100000000002
0.2560100000000002
0.2570100000000002
0.2580100000000002
0.2590100000000002
0.2600100000000002
0.2610100000000002
0.2620100000000002
0.2630100000000002
0.2640100000000002
0.2650100000000002
0.2660100000000002
0.2670100000000002
0.2680100000000002
0.2690100000000002
0.2700100000000002
0.2710100000000002
0.2720100000000002
0.2730100000000002
0.2740100000000002
0.2750100000000002
0.2760100000000002
0.2770100000000002
0.2780100000000002
0.2790100000000002
0.2800100000000002
0.2810100000000002
0.2820100000000002
0.2830100000000002
0.2840100000000002
0.2850100000000002
0.2860100000000002
0.2870100000000002
0.2880100000000002
0.2890100000000002
0.2900100000000002
0.2910100000000002
0.2920100000000002
0.2930100000000002
0.2940100000000002
0.2950100000000002
0.2960100000000002
0.2970100000000002
0.2980100000000002
0.2990100000000002
0.3000100000000002
0.3010100000000002
0.3020100000000002
0.3030100000000002
0.3040100000000002
0.3050100000000002
0.3060100000000002
0.3070100000000002
0.30801000000000023
0.30901000000000023
0.31001000000000023
0.31101000000000023
0.31201000000000023
0.31301000000000023
0.31401000000000023
0.31501000000000023
0.31601000000000024
0.31701000000000024
0.31801000000000024
0.31901000000000024
0.32001000000000024
0.32101000000000024
0.32201000000000024
0.32301000000000024
0.32401000000000024
0.32501000000000024
0.32601000000000024
0.32701000000000024
0.32801000000000025
0.32901000000000025
0.33001000000000025
0.33101000000000025
0.33201000000000025
0.33301000000000025
0.33401000000000025
0.33501000000000025
0.33601000000000025
0.33701000000000025
0.33801000000000025
0.33901000000000026
0.34001000000000026
0.34101000000000026
0.34201000000000026
0.34301000000000026
0.34401000000000026
0.34501000000000026
0.34601000000000026
0.34701000000000026
0.34801000000000026
0.34901000000000026
0.35001000000000027
0.35101000000000027
0.35201000000000027
0.35301000000000027
0.35401000000000027
0.35501000000000027
0.35601000000000027
0.35701000000000027
0.3580100000000003
0.3590100000000003
0.3600100000000003
0.3610100000000003
0.3620100000000003
0.3630100000000003
0.3640100000000003
0.3650100000000003
0.3660100000000003
0.3670100000000003
0.3680100000000003
0.3690100000000003
0.3700100000000003
0.3710100000000003
0.3720100000000003
0.3730100000000003
0.3740100000000003
0.3750100000000003
0.3760100000000003
0.3770100000000003
0.3780100000000003
0.3790100000000003
0.3800100000000003
0.3810100000000003
0.3820100000000003
0.3830100000000003
0.3840100000000003
0.3850100000000003
0.3860100000000003
0.3870100000000003
0.3880100000000003
0.3890100000000003
0.3900100000000003
0.3910100000000003
0.3920100000000003
0.3930100000000003
0.3940100000000003
0.3950100000000003
0.3960100000000003
0.3970100000000003
0.3980100000000003
0.3990100000000003
0.4000100000000003
0.4010100000000003
0.4020100000000003
0.4030100000000003
0.4040100000000003
0.4050100000000003
0.4060100000000003
0.4070100000000003
0.4080100000000003
0.4090100000000003
0.4100100000000003
0.4110100000000003
0.4120100000000003
0.4130100000000003
0.4140100000000003
0.4150100000000003
0.4160100000000003
0.4170100000000003
0.4180100000000003
0.4190100000000003
0.4200100000000003
0.42101000000000033
0.42201000000000033
0.42301000000000033
0.42401000000000033
0.42501000000000033
0.42601000000000033
0.42701000000000033
0.42801000000000033
0.42901000000000034
0.43001000000000034
0.43101000000000034
0.43201000000000034
0.43301000000000034
0.43401000000000034
0.43501000000000034
0.43601000000000034
0.43701000000000034
0.43801000000000034
0.43901000000000034
0.44001000000000035
0.44101000000000035
0.44201000000000035
0.44301000000000035
0.44401000000000035
0.44501000000000035
0.44601000000000035
0.44701000000000035
0.44801000000000035
0.44901000000000035
0.45001000000000035
0.45101000000000036
0.45201000000000036
0.45301000000000036
0.45401000000000036
0.45501000000000036
0.45601000000000036
0.45701000000000036
0.45801000000000036
0.45901000000000036
0.46001000000000036
0.46101000000000036
0.46201000000000036
0.46301000000000037
0.46401000000000037
0.46501000000000037
0.46601000000000037
0.46701000000000037
0.46801000000000037
0.46901000000000037
0.47001000000000037
0.4710100000000004
0.4720100000000004
0.4730100000000004
0.4740100000000004
0.4750100000000004
0.4760100000000004
0.4770100000000004
0.4780100000000004
0.4790100000000004
0.4800100000000004
0.4810100000000004
0.4820100000000004
0.4830100000000004
0.4840100000000004
0.4850100000000004
0.4860100000000004
0.4870100000000004
0.4880100000000004
0.4890100000000004
0.4900100000000004
0.4910100000000004
0.4920100000000004
0.4930100000000004
0.4940100000000004
0.4950100000000004
0.4960100000000004
0.4970100000000004
0.4980100000000004
0.4990100000000004
0.5000100000000004
0.5010100000000004
0.5020100000000004
0.5030100000000004
0.5040100000000004
0.5050100000000004
0.5060100000000004
0.5070100000000004
0.5080100000000004
0.5090100000000004
0.5100100000000004
0.5110100000000004
0.5120100000000004
0.5130100000000004
0.5140100000000004
0.5150100000000004
0.5160100000000004
0.5170100000000004
0.5180100000000004
0.5190100000000004
0.5200100000000004
0.5210100000000004
0.5220100000000004
0.5230100000000004
0.5240100000000004
0.5250100000000004
0.5260100000000004
0.5270100000000004
0.5280100000000004
0.5290100000000004
0.5300100000000004
0.5310100000000004
0.5320100000000004
0.5330100000000004
0.5340100000000004
0.5350100000000004
0.5360100000000004
0.5370100000000004
0.5380100000000004
0.5390100000000004
0.5400100000000004
0.5410100000000004
0.5420100000000004
0.5430100000000004
0.5440100000000004
0.5450100000000004
0.5460100000000004
0.5470100000000004
0.5480100000000004
0.5490100000000004
0.5500100000000004
0.5510100000000004
0.5520100000000004
0.5530100000000004
0.5540100000000004
0.5550100000000004
0.5560100000000004
0.5570100000000004
0.5580100000000005
0.5590100000000005
0.5600100000000005
0.5610100000000005
0.5620100000000005
0.5630100000000005
0.5640100000000005
0.5650100000000005
0.5660100000000005
0.5670100000000005
0.5680100000000005
0.5690100000000005
0.5700100000000005
0.5710100000000005
0.5720100000000005
0.5730100000000005
0.5740100000000005
0.5750100000000005
0.5760100000000005
0.5770100000000005
0.5780100000000005
0.5790100000000005
0.5800100000000005
0.5810100000000005
0.5820100000000005
0.5830100000000005
0.5840100000000005
0.5850100000000005
0.5860100000000005
0.5870100000000005
0.5880100000000005
0.5890100000000005
0.5900100000000005
0.5910100000000005
0.5920100000000005
0.5930100000000005
0.5940100000000005
0.5950100000000005
0.5960100000000005
0.5970100000000005
0.5980100000000005
0.5990100000000005
0.6000100000000005
0.6010100000000005
0.6020100000000005
0.6030100000000005
0.6040100000000005
0.6050100000000005
0.6060100000000005
0.6070100000000005
0.6080100000000005
0.6090100000000005
0.6100100000000005
0.6110100000000005
0.6120100000000005
0.6130100000000005
0.6140100000000005
0.6150100000000005
0.6160100000000005
0.6170100000000005
0.6180100000000005
0.6190100000000005
0.6200100000000005
0.6210100000000005
0.6220100000000005
0.6230100000000005
0.6240100000000005
0.6250100000000005
0.6260100000000005
0.6270100000000005
0.6280100000000005
0.6290100000000005
0.6300100000000005
0.6310100000000005
0.6320100000000005
0.6330100000000005
0.6340100000000005
0.6350100000000005
0.6360100000000005
0.6370100000000005
0.6380100000000005
0.6390100000000005
0.6400100000000005
0.6410100000000005
0.6420100000000005
0.6430100000000005
0.6440100000000005
0.6450100000000005
0.6460100000000005
0.6470100000000005
0.6480100000000005
0.6490100000000005
0.6500100000000005
0.6510100000000005
0.6520100000000005
0.6530100000000005
0.6540100000000005
0.6550100000000005
0.6560100000000005
0.6570100000000005
0.6580100000000005
0.6590100000000005
0.6600100000000005
0.6610100000000005
0.6620100000000005
0.6630100000000005
0.6640100000000005
0.6650100000000005
0.6660100000000005
0.6670100000000005
0.6680100000000005
0.6690100000000005
0.6700100000000005
0.6710100000000006
0.6720100000000006
0.6730100000000006
0.6740100000000006
0.6750100000000006
0.6760100000000006
0.6770100000000006
0.6780100000000006
0.6790100000000006
0.6800100000000006
0.6810100000000006
0.6820100000000006
0.6830100000000006
0.6840100000000006
0.6850100000000006
0.6860100000000006
0.6870100000000006
0.6880100000000006
0.6890100000000006
0.6900100000000006
0.6910100000000006
0.6920100000000006
0.6930100000000006
0.6940100000000006
0.6950100000000006
0.6960100000000006
0.6970100000000006
0.6980100000000006
0.6990100000000006
0.7000100000000006
0.7010100000000006
0.7020100000000006
0.7030100000000006
0.7040100000000006
0.7050100000000006
0.7060100000000006
0.7070100000000006
0.7080100000000006
0.7090100000000006
0.7100100000000006
0.7110100000000006
0.7120100000000006
0.7130100000000006
0.7140100000000006
0.7150100000000006
0.7160100000000006
0.7170100000000006
0.7180100000000006
0.7190100000000006
0.7200100000000006
0.7210100000000006
0.7220100000000006
0.7230100000000006
0.7240100000000006
0.7250100000000006
0.7260100000000006
0.7270100000000006
0.7280100000000006
0.7290100000000006
0.7300100000000006
0.7310100000000006
0.7320100000000006
0.7330100000000006
0.7340100000000006
0.7350100000000006
0.7360100000000006
0.7370100000000006
0.7380100000000006
0.7390100000000006
0.7400100000000006
0.7410100000000006
0.7420100000000006
0.7430100000000006
0.7440100000000006
0.7450100000000006
0.7460100000000006
0.7470100000000006
0.7480100000000006
0.7490100000000006
0.7500100000000006
0.7510100000000006
0.7520100000000006
0.7530100000000006
0.7540100000000006
0.7550100000000006
0.7560100000000006
0.7570100000000006
0.7580100000000006
0.7590100000000006
0.7600100000000006
0.7610100000000006
0.7620100000000006
0.7630100000000006
0.7640100000000006
0.7650100000000006
0.7660100000000006
0.7670100000000006
0.7680100000000006
0.7690100000000006
0.7700100000000006
0.7710100000000006
0.7720100000000006
0.7730100000000006
0.7740100000000006
0.7750100000000006
0.7760100000000006
0.7770100000000006
0.7780100000000006
0.7790100000000006
0.7800100000000006
0.7810100000000006
0.7820100000000006
0.7830100000000006
0.7840100000000007
0.7850100000000007
0.7860100000000007
0.7870100000000007
0.7880100000000007
0.7890100000000007
0.7900100000000007
0.7910100000000007
0.7920100000000007
0.7930100000000007
0.7940100000000007
0.7950100000000007
0.7960100000000007
0.7970100000000007
0.7980100000000007
0.7990100000000007
0.8000100000000007
0.8010100000000007
0.8020100000000007
0.8030100000000007
0.8040100000000007
0.8050100000000007
0.8060100000000007
0.8070100000000007
0.8080100000000007
0.8090100000000007
0.8100100000000007
0.8110100000000007
0.8120100000000007
0.8130100000000007
0.8140100000000007
0.8150100000000007
0.8160100000000007
0.8170100000000007
0.8180100000000007
0.8190100000000007
0.8200100000000007
0.8210100000000007
0.8220100000000007
0.8230100000000007
0.8240100000000007
0.8250100000000007
0.8260100000000007
0.8270100000000007
0.8280100000000007
0.8290100000000007
0.8300100000000007
0.8310100000000007
0.8320100000000007
0.8330100000000007
0.8340100000000007
0.8350100000000007
0.8360100000000007
0.8370100000000007
0.8380100000000007
0.8390100000000007
0.8400100000000007
0.8410100000000007
0.8420100000000007
0.8430100000000007
0.8440100000000007
0.8450100000000007
0.8460100000000007
0.8470100000000007
0.8480100000000007
0.8490100000000007
0.8500100000000007
0.8510100000000007
0.8520100000000007
0.8530100000000007
0.8540100000000007
0.8550100000000007
0.8560100000000007
0.8570100000000007
0.8580100000000007
0.8590100000000007
0.8600100000000007
0.8610100000000007
0.8620100000000007
0.8630100000000007
0.8640100000000007
0.8650100000000007
0.8660100000000007
0.8670100000000007
0.8680100000000007
0.8690100000000007
0.8700100000000007
0.8710100000000007
0.8720100000000007
0.8730100000000007
0.8740100000000007
0.8750100000000007
0.8760100000000007
0.8770100000000007
0.8780100000000007
0.8790100000000007
0.8800100000000007
0.8810100000000007
0.8820100000000007
0.8830100000000007
0.8840100000000007
0.8850100000000007
0.8860100000000007
0.8870100000000007
0.8880100000000007
0.8890100000000007
0.8900100000000007
0.8910100000000007
0.8920100000000007
0.8930100000000007
0.8940100000000007
0.8950100000000007
0.8960100000000008
0.8970100000000008
0.8980100000000008
0.8990100000000008
0.9000100000000008
0.9010100000000008
0.9020100000000008
0.9030100000000008
0.9040100000000008
0.9050100000000008
0.9060100000000008
0.9070100000000008
0.9080100000000008
0.9090100000000008
0.9100100000000008
0.9110100000000008
0.9120100000000008
0.9130100000000008
0.9140100000000008
0.9150100000000008
0.9160100000000008
0.9170100000000008
0.9180100000000008
0.9190100000000008
0.9200100000000008
0.9210100000000008
0.9220100000000008
0.9230100000000008
0.9240100000000008
0.9250100000000008
0.9260100000000008
0.9270100000000008
0.9280100000000008
0.9290100000000008
0.9300100000000008
0.9310100000000008
0.9320100000000008
0.9330100000000008
0.9340100000000008
0.9350100000000008
0.9360100000000008
0.9370100000000008
0.9380100000000008
0.9390100000000008
0.9400100000000008
0.9410100000000008
0.9420100000000008
0.9430100000000008
0.9440100000000008
0.9450100000000008
0.9460100000000008
0.9470100000000008
0.9480100000000008
0.9490100000000008
0.9500100000000008
0.9510100000000008
0.9520100000000008
0.9530100000000008
0.9540100000000008
0.9550100000000008
0.9560100000000008
0.9570100000000008
0.9580100000000008
0.9590100000000008
0.9600100000000008
0.9610100000000008
0.9620100000000008
0.9630100000000008
0.9640100000000008
0.9650100000000008
0.9660100000000008
0.9670100000000008
0.9680100000000008
0.9690100000000008
0.9700100000000008
0.9710100000000008
0.9720100000000008
0.9730100000000008
0.9740100000000008
0.9750100000000008
0.9760100000000008
0.9770100000000008
0.9780100000000008
0.9790100000000008
0.9800100000000008
0.9810100000000008
0.9820100000000008
0.9830100000000008
0.9840100000000008
0.9850100000000008
0.9860100000000008
0.9870100000000008
0.9880100000000008
0.9890100000000008
0.9900100000000008
0.9910100000000008
0.9920100000000008
0.9930100000000008
0.9940100000000008
0.9950100000000008
0.9960100000000008
0.9970100000000008
0.9980100000000008
0.9990100000000008
1.0000100000000007
1.0010100000000006
1.0020100000000005
1.0030100000000004
1.0040100000000003
1.0050100000000002
1.00601
1.00701
1.0080099999999999
1.0090099999999997
1.0100099999999996
1.0110099999999995
1.0120099999999994
1.0130099999999993
1.0140099999999992
1.015009999999999
1.016009999999999
1.0170099999999989
1.0180099999999987
1.0190099999999986
1.0200099999999985
1.0210099999999984
1.0220099999999983
1.0230099999999982
1.024009999999998
1.025009999999998
1.0260099999999979
1.0270099999999978
1.0280099999999976
1.0290099999999975
1.0300099999999974
1.0310099999999973
1.0320099999999972
1.033009999999997
1.034009999999997
1.0350099999999969
1.0360099999999968
1.0370099999999967
1.0380099999999965
1.0390099999999964
1.0400099999999963
1.0410099999999962
1.042009999999996
1.043009999999996
1.0440099999999959
1.0450099999999958
1.0460099999999957
1.0470099999999956
1.0480099999999954
1.0490099999999953
1.0500099999999952
1.0510099999999951
1.052009999999995
1.053009999999995
1.0540099999999948
1.0550099999999947
1.0560099999999946
1.0570099999999945
1.0580099999999943
1.0590099999999942
1.0600099999999941
1.061009999999994
1.062009999999994
1.0630099999999938
1.0640099999999937
1.0650099999999936
1.0660099999999935
1.0670099999999934
1.0680099999999932
1.0690099999999931
1.070009999999993
1.071009999999993
1.0720099999999928
1.0730099999999927
1.0740099999999926
1.0750099999999925
1.0760099999999924
1.0770099999999923
1.0780099999999921
1.079009999999992
1.080009999999992
1.0810099999999918
1.0820099999999917
1.0830099999999916
1.0840099999999915
1.0850099999999914
1.0860099999999913
1.0870099999999911
1.088009999999991
1.089009999999991
1.0900099999999908
1.0910099999999907
1.0920099999999906
1.0930099999999905
1.0940099999999904
1.0950099999999903
1.0960099999999902
1.09700999999999
1.09800999999999
1.0990099999999898
1.1000099999999897
1.1010099999999896
1.1020099999999895
1.1030099999999894
1.1040099999999893
1.1050099999999892
1.106009999999989
1.107009999999989
1.1080099999999888
1.1090099999999887
1.1100099999999886
1.1110099999999885
1.1120099999999884
1.1130099999999883
1.1140099999999882
1.115009999999988
1.116009999999988
1.1170099999999878
1.1180099999999877
1.1190099999999876
1.1200099999999875
1.1210099999999874
1.1220099999999873
1.1230099999999872
1.124009999999987
1.125009999999987
1.1260099999999869
1.1270099999999867
1.1280099999999866
1.1290099999999865
1.1300099999999864
1.1310099999999863
1.1320099999999862
1.133009999999986
1.134009999999986
1.1350099999999859
1.1360099999999858
1.1370099999999856
1.1380099999999855
1.1390099999999854
1.1400099999999853
1.1410099999999852
1.142009999999985
1.143009999999985
1.1440099999999849
1.1450099999999848
1.1460099999999847
1.1470099999999845
1.1480099999999844
1.1490099999999843
1.1500099999999842
1.151009999999984
1.152009999999984
1.1530099999999839
1.1540099999999838
1.1550099999999837
1.1560099999999836
1.1570099999999834
1.1580099999999833
1.1590099999999832
1.160009999999983
1.161009999999983
1.162009999999983
1.1630099999999828
1.1640099999999827
1.1650099999999826
1.1660099999999824
1.1670099999999823
1.1680099999999822
1.1690099999999821
1.170009999999982
1.171009999999982
1.1720099999999818
1.1730099999999817
1.1740099999999816
1.1750099999999815
1.1760099999999813
1.1770099999999812
1.1780099999999811
1.179009999999981
1.180009999999981
1.1810099999999808
1.1820099999999807
1.1830099999999806
1.1840099999999805
1.1850099999999804
1.1860099999999802
1.1870099999999801
1.18800999999998
1.18900999999998
1.1900099999999798
1.1910099999999797
1.1920099999999796
1.1930099999999795
1.1940099999999794
1.1950099999999793
1.1960099999999791
1.197009999999979
1.198009999999979
1.1990099999999788
1.2000099999999787
1.2010099999999786
1.2020099999999785
1.2030099999999784
1.2040099999999783
1.2050099999999782
1.206009999999978
1.207009999999978
1.2080099999999778
1.2090099999999777
1.2100099999999776
1.2110099999999775
1.2120099999999774
1.2130099999999773
1.2140099999999772
1.215009999999977
1.216009999999977
1.2170099999999768
1.2180099999999767
1.2190099999999766
1.2200099999999765
1.2210099999999764
1.2220099999999763
1.2230099999999762
1.224009999999976
1.225009999999976
1.2260099999999758
1.2270099999999757
1.2280099999999756
1.2290099999999755
1.2300099999999754
1.2310099999999753
1.2320099999999752
1.233009999999975
1.234009999999975
1.2350099999999749
1.2360099999999747
1.2370099999999746
1.2380099999999745
1.2390099999999744
1.2400099999999743
1.2410099999999742
1.242009999999974
1.243009999999974
1.2440099999999739
1.2450099999999737
1.2460099999999736
1.2470099999999735
1.2480099999999734
1.2490099999999733
1.2500099999999732
1.251009999999973
1.252009999999973
1.2530099999999729
1.2540099999999728
1.2550099999999726
1.2560099999999725
1.2570099999999724
1.2580099999999723
1.2590099999999722
1.260009999999972
1.261009999999972
1.2620099999999719
1.2630099999999718
1.2640099999999717
1.2650099999999715
1.2660099999999714
1.2670099999999713
1.2680099999999712
1.269009999999971
1.270009999999971
1.2710099999999709
1.2720099999999708
1.2730099999999707
1.2740099999999706
1.2750099999999704
1.2760099999999703
1.2770099999999702
1.2780099999999701
1.27900999999997
1.28000999999997
1.2810099999999698
1.2820099999999697
1.2830099999999696
1.2840099999999695
1.2850099999999693
1.2860099999999692
1.2870099999999691
1.288009999999969
1.289009999999969
1.2900099999999688
1.2910099999999687
1.2920099999999686
1.2930099999999685
1.2940099999999684
1.2950099999999682
1.2960099999999681
1.297009999999968
1.298009999999968
1.2990099999999678
1.3000099999999677
1.3010099999999676
1.3020099999999675
1.3030099999999674
1.3040099999999673
1.3050099999999671
1.306009999999967
1.307009999999967
1.3080099999999668
1.3090099999999667
1.3100099999999666
1.3110099999999665
1.3120099999999664
1.3130099999999663
1.3140099999999661
1.315009999999966
1.316009999999966
1.3170099999999658
1.3180099999999657
1.3190099999999656
1.3200099999999655
1.3210099999999654
1.3220099999999653
1.3230099999999652
1.324009999999965
1.325009999999965
1.3260099999999648
1.3270099999999647
1.3280099999999646
1.3290099999999645
1.3300099999999644
1.3310099999999643
1.3320099999999642
1.333009999999964
1.334009999999964
1.3350099999999638
1.3360099999999637
1.3370099999999636
1.3380099999999635
1.3390099999999634
1.3400099999999633
1.3410099999999632
1.342009999999963
1.343009999999963
1.3440099999999628
1.3450099999999627
1.3460099999999626
1.3470099999999625
1.3480099999999624
1.3490099999999623
1.3500099999999622
1.351009999999962
1.352009999999962
1.3530099999999619
1.3540099999999617
1.3550099999999616
1.3560099999999615
1.3570099999999614
1.3580099999999613
1.3590099999999612
1.360009999999961
1.361009999999961
1.3620099999999609
1.3630099999999608
1.3640099999999606
1.3650099999999605
1.3660099999999604
1.3670099999999603
1.3680099999999602
1.36900999999996
1.37000999999996
1.3710099999999599
1.3720099999999598
1.3730099999999597
1.3740099999999595
1.3750099999999594
1.3760099999999593
1.3770099999999592
1.378009999999959
1.379009999999959
1.3800099999999589
1.3810099999999588
1.3820099999999587
1.3830099999999586
1.3840099999999584
1.3850099999999583
1.3860099999999582
1.387009999999958
1.388009999999958
1.389009999999958
1.3900099999999578
1.3910099999999577
1.3920099999999576
1.3930099999999574
1.3940099999999573
1.3950099999999572
1.3960099999999571
1.397009999999957
1.398009999999957
1.3990099999999568
1.4000099999999567
1.4010099999999566
1.4020099999999565
1.4030099999999563
1.4040099999999562
1.4050099999999561
1.406009999999956
1.407009999999956
1.4080099999999558
1.4090099999999557
1.4100099999999556
1.4110099999999555
1.4120099999999554
1.4130099999999552
1.4140099999999551
1.415009999999955
1.416009999999955
1.4170099999999548
1.4180099999999547
1.4190099999999546
1.4200099999999545
1.4210099999999544
1.4220099999999543
1.4230099999999541
1.424009999999954
1.425009999999954
1.4260099999999538
1.4270099999999537
1.4280099999999536
1.4290099999999535
1.4300099999999534
1.4310099999999533
1.4320099999999532
1.433009999999953
1.434009999999953
1.4350099999999528
1.4360099999999527
1.4370099999999526
1.4380099999999525
1.4390099999999524
1.4400099999999523
1.4410099999999522
1.442009999999952
1.443009999999952
1.4440099999999518
1.4450099999999517
1.4460099999999516
1.4470099999999515
1.4480099999999514
1.4490099999999513
1.4500099999999512
1.451009999999951
1.452009999999951
1.4530099999999508
1.4540099999999507
1.4550099999999506
1.4560099999999505
1.4570099999999504
1.4580099999999503
1.4590099999999502
1.46000999999995
1.46100999999995
1.4620099999999498
1.4630099999999497
1.4640099999999496
1.4650099999999495
1.4660099999999494
1.4670099999999493
1.4680099999999492
1.469009999999949
1.470009999999949
1.4710099999999489
1.4720099999999487
1.4730099999999486
1.4740099999999485
1.4750099999999484
1.4760099999999483
1.4770099999999482
1.478009999999948
1.479009999999948
1.4800099999999479
1.4810099999999478
1.4820099999999476
1.4830099999999475
1.4840099999999474
1.4850099999999473
1.4860099999999472
1.487009999999947
1.488009999999947
1.4890099999999469
1.4900099999999468
1.4910099999999467
1.4920099999999465
1.4930099999999464
1.4940099999999463
1.4950099999999462
1.496009999999946
1.497009999999946
1.4980099999999459
1.4990099999999458
1.5000099999999457
1.5010099999999456
1.5020099999999454
1.5030099999999453
1.5040099999999452
1.5050099999999451
1.506009999999945
1.507009999999945
1.5080099999999448
1.5090099999999447
1.5100099999999446
1.5110099999999445
1.5120099999999443
1.5130099999999442
1.5140099999999441
1.515009999999944
1.516009999999944
1.5170099999999438
1.5180099999999437
1.5190099999999436
1.5200099999999435
1.5210099999999434
1.5220099999999432
1.5230099999999431
1.524009999999943
1.525009999999943
1.5260099999999428
1.5270099999999427
1.5280099999999426
1.5290099999999425
1.5300099999999424
1.5310099999999423
1.5320099999999421
1.533009999999942
1.534009999999942
1.5350099999999418
1.5360099999999417
1.5370099999999416
1.5380099999999415
1.5390099999999414
1.5400099999999413
1.5410099999999411
1.542009999999941
1.543009999999941
1.5440099999999408
1.5450099999999407
1.5460099999999406
1.5470099999999405
1.5480099999999404
1.5490099999999403
1.5500099999999402
1.55100999999994
1.55200999999994
1.5530099999999398
1.5540099999999397
1.5550099999999396
1.5560099999999395
1.5570099999999394
1.5580099999999393
1.5590099999999392
1.560009999999939
1.561009999999939
1.5620099999999388
1.5630099999999387
1.5640099999999386
1.5650099999999385
1.5660099999999384
1.5670099999999383
1.5680099999999382
1.569009999999938
1.570009999999938
1.5710099999999378
1.5720099999999377
1.5730099999999376
1.5740099999999375
1.5750099999999374
1.5760099999999373
1.5770099999999372
1.578009999999937
1.579009999999937
1.5800099999999369
1.5810099999999367
1.5820099999999366
1.5830099999999365
1.5840099999999364
1.5850099999999363
1.5860099999999362
1.587009999999936
1.588009999999936
1.5890099999999359
1.5900099999999358
1.5910099999999356
1.5920099999999355
1.5930099999999354
1.5940099999999353
1.5950099999999352
1.596009999999935
1.597009999999935
1.5980099999999349
1.5990099999999348
1.6000099999999347
1.6010099999999345
1.6020099999999344
1.6030099999999343
1.6040099999999342
1.605009999999934
1.606009999999934
1.6070099999999339
1.6080099999999338
1.6090099999999337
1.6100099999999335
1.6110099999999334
1.6120099999999333
1.6130099999999332
1.614009999999933
1.615009999999933
1.616009999999933
1.6170099999999328
1.6180099999999327
1.6190099999999326
1.6200099999999324
1.6210099999999323
1.6220099999999322
1.6230099999999321
1.624009999999932
1.625009999999932
1.6260099999999318
1.6270099999999317
1.6280099999999316
1.6290099999999315
1.6300099999999313
1.6310099999999312
1.6320099999999311
1.633009999999931
1.634009999999931
1.6350099999999308
1.6360099999999307
1.6370099999999306
1.6380099999999305
1.6390099999999304
1.6400099999999302
1.6410099999999301
1.64200999999993
1.64300999999993
1.6440099999999298
1.6450099999999297
1.6460099999999296
1.6470099999999295
1.6480099999999294
1.6490099999999293
1.6500099999999291
1.651009999999929
1.652009999999929
1.6530099999999288
1.6540099999999287
1.6550099999999286
1.6560099999999285
1.6570099999999284
1.6580099999999283
1.6590099999999282
1.660009999999928
1.661009999999928
1.6620099999999278
1.6630099999999277
1.6640099999999276
1.6650099999999275
1.6660099999999274
1.6670099999999273
1.6680099999999272
1.669009999999927
1.670009999999927
1.6710099999999268
1.6720099999999267
1.6730099999999266
1.6740099999999265
1.6750099999999264
1.6760099999999263
1.6770099999999262
1.678009999999926
1.679009999999926
1.6800099999999258
1.6810099999999257
1.6820099999999256
1.6830099999999255
1.6840099999999254
1.6850099999999253
1.6860099999999252
1.687009999999925
1.688009999999925
1.6890099999999248
1.6900099999999247
1.6910099999999246
1.6920099999999245
1.6930099999999244
1.6940099999999243
1.6950099999999242
1.696009999999924
1.697009999999924
1.6980099999999239
1.6990099999999237
1.7000099999999236
1.7010099999999235
1.7020099999999234
1.7030099999999233
1.7040099999999232
1.705009999999923
1.706009999999923
1.7070099999999229
1.7080099999999228
1.7090099999999226
1.7100099999999225
1.7110099999999224
1.7120099999999223
1.7130099999999222
1.714009999999922
1.715009999999922
1.7160099999999219
1.7170099999999218
1.7180099999999217
1.7190099999999215
1.7200099999999214
1.7210099999999213
1.7220099999999212
1.723009999999921
1.724009999999921
1.7250099999999209
1.7260099999999208
1.7270099999999207
1.7280099999999206
1.7290099999999204
1.7300099999999203
1.7310099999999202
1.7320099999999201
1.73300999999992
1.73400999999992
1.7350099999999198
1.7360099999999197
1.7370099999999196
1.7380099999999195
1.7390099999999193
1.7400099999999192
1.7410099999999191
1.742009999999919
1.743009999999919
1.7440099999999188
1.7450099999999187
1.7460099999999186
1.7470099999999185
1.7480099999999184
1.7490099999999182
1.7500099999999181
1.751009999999918
1.752009999999918
1.7530099999999178
1.7540099999999177
1.7550099999999176
1.7560099999999175
1.7570099999999174
1.7580099999999172
1.7590099999999171
1.760009999999917
1.761009999999917
1.7620099999999168
1.7630099999999167
1.7640099999999166
1.7650099999999165
1.7660099999999164
1.7670099999999163
1.7680099999999161
1.769009999999916
1.770009999999916
1.7710099999999158
1.7720099999999157
1.7730099999999156
1.7740099999999155
1.7750099999999154
1.7760099999999153
1.7770099999999152
1.778009999999915
1.779009999999915
1.7800099999999148
1.7810099999999147
1.7820099999999146
1.7830099999999145
1.7840099999999144
1.7850099999999143
1.7860099999999142
1.787009999999914
1.788009999999914
1.7890099999999138
1.7900099999999137
1.7910099999999136
1.7920099999999135
1.7930099999999134
1.7940099999999133
1.7950099999999132
1.796009999999913
1.797009999999913
1.7980099999999128
1.7990099999999127
1.8000099999999126
1.8010099999999125
1.8020099999999124
1.8030099999999123
1.8040099999999122
1.805009999999912
1.806009999999912
1.8070099999999119
1.8080099999999117
1.8090099999999116
1.8100099999999115
1.8110099999999114
1.8120099999999113
1.8130099999999112
1.814009999999911
1.815009999999911
1.8160099999999109
1.8170099999999108
1.8180099999999106
1.8190099999999105
1.8200099999999104
1.8210099999999103
1.8220099999999102
1.82300999999991
1.82400999999991
1.8250099999999099
1.8260099999999098
1.8270099999999097
1.8280099999999095
1.8290099999999094
1.8300099999999093
1.8310099999999092
1.832009999999909
1.833009999999909
1.8340099999999089
1.8350099999999088
1.8360099999999087
1.8370099999999085
1.8380099999999084
1.8390099999999083
1.8400099999999082
1.841009999999908
1.842009999999908
1.8430099999999079
1.8440099999999078
1.8450099999999077
1.8460099999999076
1.8470099999999074
1.8480099999999073
1.8490099999999072
1.8500099999999071
1.851009999999907
1.852009999999907
1.8530099999999068
1.8540099999999067
1.8550099999999066
1.8560099999999065
1.8570099999999063
1.8580099999999062
1.8590099999999061
1.860009999999906
1.861009999999906
1.8620099999999058
1.8630099999999057
1.8640099999999056
1.8650099999999055
1.8660099999999054
1.8670099999999052
1.8680099999999051
1.869009999999905
1.870009999999905
1.8710099999999048
1.8720099999999047
1.8730099999999046
1.8740099999999045
1.8750099999999044
1.8760099999999043
1.8770099999999041
1.878009999999904
1.879009999999904
1.8800099999999038
1.8810099999999037
1.8820099999999036
1.8830099999999035
1.8840099999999034
1.8850099999999033
1.8860099999999032
1.887009999999903
1.888009999999903
1.8890099999999028
1.8900099999999027
1.8910099999999026
1.8920099999999025
1.8930099999999024
1.8940099999999023
1.8950099999999022
1.896009999999902
1.897009999999902
1.8980099999999018
1.8990099999999017
1.9000099999999016
1.9010099999999015
1.9020099999999014
1.9030099999999013
1.9040099999999012
1.905009999999901
1.906009999999901
1.9070099999999008
1.9080099999999007
1.9090099999999006
1.9100099999999005
1.9110099999999004
1.9120099999999003
1.9130099999999002
1.9140099999999
1.9150099999999
1.9160099999998998
1.9170099999998997
1.9180099999998996
1.9190099999998995
1.9200099999998994
1.9210099999998993
1.9220099999998992
1.923009999999899
1.924009999999899
1.9250099999998989
1.9260099999998987
1.9270099999998986
1.9280099999998985
1.9290099999998984
1.9300099999998983
1.9310099999998982
1.932009999999898
1.933009999999898
1.9340099999998979
1.9350099999998978
1.9360099999998976
1.9370099999998975
1.9380099999998974
1.9390099999998973
1.9400099999998972
1.941009999999897
1.942009999999897
1.9430099999998969
1.9440099999998968
1.9450099999998967
1.9460099999998965
1.9470099999998964
1.9480099999998963
1.9490099999998962
1.950009999999896
1.951009999999896
1.9520099999998959
1.9530099999998958
1.9540099999998957
1.9550099999998956
1.9560099999998954
1.9570099999998953
1.9580099999998952
1.9590099999998951
1.960009999999895
1.961009999999895
1.9620099999998948
1.9630099999998947
1.9640099999998946
1.9650099999998945
1.9660099999998943
1.9670099999998942
1.9680099999998941
1.969009999999894
1.970009999999894
1.9710099999998938
1.9720099999998937
1.9730099999998936
1.9740099999998935
1.9750099999998934
1.9760099999998932
1.9770099999998931
1.978009999999893
1.979009999999893
1.9800099999998928
1.9810099999998927
1.9820099999998926
1.9830099999998925
1.9840099999998924
1.9850099999998922
1.9860099999998921
1.987009999999892
1.988009999999892
1.9890099999998918
1.9900099999998917
1.9910099999998916
1.9920099999998915
1.9930099999998914
1.9940099999998913
1.9950099999998911
1.996009999999891
1.997009999999891
1.9980099999998908
1.9990099999998907
2.000009999999891
2.0010099999998907
2.0020099999998906
2.0030099999998905
2.0040099999998904
2.0050099999998903
2.00600999999989
2.00700999999989
2.00800999999989
2.00900999999989
2.0100099999998897
2.0110099999998896
2.0120099999998895
2.0130099999998894
2.0140099999998893
2.015009999999889
2.016009999999889
2.017009999999889
2.018009999999889
2.0190099999998887
2.0200099999998886
2.0210099999998885
2.0220099999998884
2.0230099999998883
2.024009999999888
2.025009999999888
2.026009999999888
2.027009999999888
2.0280099999998877
2.0290099999998876
2.0300099999998875
2.0310099999998874
2.0320099999998873
2.033009999999887
2.034009999999887
2.035009999999887
2.036009999999887
2.0370099999998867
2.0380099999998866
2.0390099999998865
2.0400099999998864
2.0410099999998863
2.042009999999886
2.043009999999886
2.044009999999886
2.045009999999886
2.0460099999998858
2.0470099999998856
2.0480099999998855
2.0490099999998854
2.0500099999998853
2.051009999999885
2.052009999999885
2.053009999999885
2.054009999999885
2.0550099999998848
2.0560099999998847
2.0570099999998845
2.0580099999998844
2.0590099999998843
2.060009999999884
2.061009999999884
2.062009999999884
2.063009999999884
2.0640099999998838
2.0650099999998837
2.0660099999998836
2.0670099999998834
2.0680099999998833
2.069009999999883
2.070009999999883
2.071009999999883
2.072009999999883
2.073009999999883
2.0740099999998827
2.0750099999998826
2.0760099999998824
2.0770099999998823
2.0780099999998822
2.079009999999882
2.080009999999882
2.081009999999882
2.082009999999882
2.0830099999998817
2.0840099999998816
2.0850099999998815
2.0860099999998813
2.0870099999998812
2.088009999999881
2.089009999999881
2.090009999999881
2.091009999999881
2.0920099999998807
2.0930099999998806
2.0940099999998805
2.0950099999998804
2.0960099999998802
2.09700999999988
2.09800999999988
2.09900999999988
2.10000999999988
2.1010099999998797
2.1020099999998796
2.1030099999998795
2.1040099999998794
2.1050099999998793
2.106009999999879
2.107009999999879
2.108009999999879
2.109009999999879
2.1100099999998787
2.1110099999998786
2.1120099999998785
2.1130099999998784
2.1140099999998783
2.115009999999878
2.116009999999878
2.117009999999878
2.118009999999878
2.1190099999998777
2.1200099999998776
2.1210099999998775
2.1220099999998774
2.1230099999998773
2.124009999999877
2.125009999999877
2.126009999999877
2.127009999999877
2.1280099999998767
2.1290099999998766
2.1300099999998765
2.1310099999998764
2.1320099999998763
2.133009999999876
2.134009999999876
2.135009999999876
2.136009999999876
2.1370099999998757
2.1380099999998756
2.1390099999998755
2.1400099999998754
2.1410099999998753
2.142009999999875
2.143009999999875
2.144009999999875
2.145009999999875
2.1460099999998747
2.1470099999998746
2.1480099999998745
2.1490099999998744
2.1500099999998743
2.151009999999874
2.152009999999874
2.153009999999874
2.154009999999874
2.1550099999998737
2.1560099999998736
2.1570099999998735
2.1580099999998734
2.1590099999998733
2.160009999999873
2.161009999999873
2.162009999999873
2.163009999999873
2.1640099999998728
2.1650099999998726
2.1660099999998725
2.1670099999998724
2.1680099999998723
2.169009999999872
2.170009999999872
2.171009999999872
2.172009999999872
2.1730099999998718
2.1740099999998717
2.1750099999998715
2.1760099999998714
2.1770099999998713
2.178009999999871
2.179009999999871
2.180009999999871
2.181009999999871
2.1820099999998708
2.1830099999998707
2.1840099999998706
2.1850099999998704
2.1860099999998703
2.1870099999998702
2.18800999999987
2.18900999999987
2.19000999999987
2.19100999999987
2.1920099999998697
2.1930099999998696
2.1940099999998695
2.1950099999998693
2.1960099999998692
2.197009999999869
2.198009999999869
2.199009999999869
2.200009999999869
2.2010099999998687
2.2020099999998686
2.2030099999998685
2.2040099999998684
2.2050099999998682
2.206009999999868
2.207009999999868
2.208009999999868
2.209009999999868
2.2100099999998677
2.2110099999998676
2.2120099999998675
2.2130099999998674
2.2140099999998673
2.215009999999867
2.216009999999867
2.217009999999867
2.218009999999867
2.2190099999998667
2.2200099999998666
2.2210099999998665
2.2220099999998664
2.2230099999998663
2.224009999999866
2.225009999999866
2.226009999999866
2.227009999999866
2.2280099999998657
2.2290099999998656
2.2300099999998655
2.2310099999998654
2.2320099999998653
2.233009999999865
2.234009999999865
2.235009999999865
2.236009999999865
2.2370099999998647
2.2380099999998646
2.2390099999998645
2.2400099999998644
2.2410099999998643
2.242009999999864
2.243009999999864
2.244009999999864
2.245009999999864
2.2460099999998637
2.2470099999998636
2.2480099999998635
2.2490099999998634
2.2500099999998633
2.251009999999863
2.252009999999863
2.253009999999863
2.254009999999863
2.2550099999998627
2.2560099999998626
2.2570099999998625
2.2580099999998624
2.2590099999998623
2.260009999999862
2.261009999999862
2.262009999999862
2.263009999999862
2.2640099999998617
2.2650099999998616
2.2660099999998615
2.2670099999998614
2.2680099999998613
2.269009999999861
2.270009999999861
2.271009999999861
2.272009999999861
2.2730099999998608
2.2740099999998606
2.2750099999998605
2.2760099999998604
2.2770099999998603
2.27800999999986
2.27900999999986
2.28000999999986
2.28100999999986
2.2820099999998598
2.2830099999998597
2.2840099999998595
2.2850099999998594
2.2860099999998593
2.287009999999859
2.288009999999859
2.289009999999859
2.290009999999859
2.2910099999998588
2.2920099999998587
2.2930099999998586
2.2940099999998584
2.2950099999998583
2.296009999999858
2.297009999999858
2.298009999999858
2.299009999999858
2.300009999999858
2.3010099999998577
2.3020099999998576
2.3030099999998574
2.3040099999998573
2.3050099999998572
2.306009999999857
2.307009999999857
2.308009999999857
2.309009999999857
2.3100099999998567
2.3110099999998566
2.3120099999998565
2.3130099999998563
2.3140099999998562
2.315009999999856
2.316009999999856
2.317009999999856
2.318009999999856
2.3190099999998557
2.3200099999998556
2.3210099999998555
2.3220099999998554
2.3230099999998552
2.324009999999855
2.325009999999855
2.326009999999855
2.327009999999855
2.3280099999998547
2.3290099999998546
2.3300099999998545
2.3310099999998544
2.3320099999998543
2.333009999999854
2.334009999999854
2.335009999999854
2.336009999999854
2.3370099999998537
2.3380099999998536
2.3390099999998535
2.3400099999998534
2.3410099999998533
2.342009999999853
2.343009999999853
2.344009999999853
2.345009999999853
2.3460099999998527
2.3470099999998526
2.3480099999998525
2.3490099999998524
2.3500099999998523
2.351009999999852
2.352009999999852
2.353009999999852
2.354009999999852
2.3550099999998517
2.3560099999998516
2.3570099999998515
2.3580099999998514
2.3590099999998513
2.360009999999851
2.361009999999851
2.362009999999851
2.363009999999851
2.3640099999998507
2.3650099999998506
2.3660099999998505
2.3670099999998504
2.3680099999998503
2.36900999999985
2.37000999999985
2.37100999999985
2.37200999999985
2.3730099999998497
2.3740099999998496
2.3750099999998495
2.3760099999998494
2.3770099999998493
2.378009999999849
2.379009999999849
2.380009999999849
2.381009999999849
2.3820099999998487
2.3830099999998486
2.3840099999998485
2.3850099999998484
2.3860099999998483
2.387009999999848
2.388009999999848
2.389009999999848
2.390009999999848
2.3910099999998478
2.3920099999998476
2.3930099999998475
2.3940099999998474
2.3950099999998473
2.396009999999847
2.397009999999847
2.398009999999847
2.399009999999847
2.4000099999998468
2.4010099999998467
2.4020099999998465
2.4030099999998464
2.4040099999998463
2.405009999999846
2.406009999999846
2.407009999999846
2.408009999999846
2.4090099999998458
2.4100099999998457
2.4110099999998456
2.4120099999998454
2.4130099999998453
2.4140099999998452
2.415009999999845
2.416009999999845
2.417009999999845
2.418009999999845
2.4190099999998447
2.4200099999998446
2.4210099999998445
2.4220099999998443
2.4230099999998442
2.424009999999844
2.425009999999844
2.426009999999844
2.427009999999844
2.4280099999998437
2.4290099999998436
2.4300099999998435
2.4310099999998434
2.4320099999998432
2.433009999999843
2.434009999999843
2.435009999999843
2.436009999999843
2.4370099999998427
2.4380099999998426
2.4390099999998425
2.4400099999998424
2.4410099999998423
2.442009999999842
2.443009999999842
2.444009999999842
2.445009999999842
2.4460099999998417
2.4470099999998416
2.4480099999998415
2.4490099999998414
2.4500099999998413
2.451009999999841
2.452009999999841
2.453009999999841
2.454009999999841
2.4550099999998407
2.4560099999998406
2.4570099999998405
2.4580099999998404
2.4590099999998403
2.46000999999984
2.46100999999984
2.46200999999984
2.46300999999984
2.4640099999998397
2.4650099999998396
2.4660099999998395
2.4670099999998394
2.4680099999998393
2.469009999999839
2.470009999999839
2.471009999999839
2.472009999999839
2.4730099999998387
2.4740099999998386
2.4750099999998385
2.4760099999998384
2.4770099999998383
2.478009999999838
2.479009999999838
2.480009999999838
2.481009999999838
2.4820099999998377
2.4830099999998376
2.4840099999998375
2.4850099999998374
2.4860099999998373
2.487009999999837
2.488009999999837
2.489009999999837
2.490009999999837
2.4910099999998367
2.4920099999998366
2.4930099999998365
2.4940099999998364
2.4950099999998363
2.496009999999836
2.497009999999836
2.498009999999836
2.499009999999836
2.5000099999998358
2.5010099999998356
2.5020099999998355
2.5030099999998354
2.5040099999998353
2.505009999999835
2.506009999999835
2.507009999999835
2.508009999999835
2.5090099999998348
2.5100099999998347
2.5110099999998345
2.5120099999998344
2.5130099999998343
2.514009999999834
2.515009999999834
2.516009999999834
2.517009999999834
2.5180099999998338
2.5190099999998337
2.5200099999998335
2.5210099999998334
2.5220099999998333
2.523009999999833
2.524009999999833
2.525009999999833
2.526009999999833
2.527009999999833
2.5280099999998327
2.5290099999998326
2.5300099999998324
2.5310099999998323
2.5320099999998322
2.533009999999832
2.534009999999832
2.535009999999832
2.536009999999832
2.5370099999998317
2.5380099999998316
2.5390099999998315
2.5400099999998313
2.5410099999998312
2.542009999999831
2.543009999999831
2.544009999999831
2.545009999999831
2.5460099999998307
2.5470099999998306
2.5480099999998305
2.5490099999998304
2.5500099999998302
2.55100999999983
2.55200999999983
2.55300999999983
2.55400999999983
2.5550099999998297
2.5560099999998296
2.5570099999998295
2.5580099999998294
2.5590099999998293
2.560009999999829
2.561009999999829
2.562009999999829
2.563009999999829
2.5640099999998287
2.5650099999998286
2.5660099999998285
2.5670099999998284
2.5680099999998283
2.569009999999828
2.570009999999828
2.571009999999828
2.572009999999828
2.5730099999998277
2.5740099999998276
2.5750099999998275
2.5760099999998274
2.5770099999998273
2.578009999999827
2.579009999999827
2.580009999999827
2.581009999999827
2.5820099999998267
2.5830099999998266
2.5840099999998265
2.5850099999998264
2.5860099999998263
2.587009999999826
2.588009999999826
2.589009999999826
2.590009999999826
2.5910099999998257
2.5920099999998256
2.5930099999998255
2.5940099999998254
2.5950099999998253
2.596009999999825
2.597009999999825
2.598009999999825
2.599009999999825
2.6000099999998247
2.6010099999998246
2.6020099999998245
2.6030099999998244
2.6040099999998243
2.605009999999824
2.606009999999824
2.607009999999824
2.608009999999824
2.6090099999998237
2.6100099999998236
2.6110099999998235
2.6120099999998234
2.6130099999998233
2.614009999999823
2.615009999999823
2.616009999999823
2.617009999999823
2.6180099999998228
2.6190099999998226
2.6200099999998225
2.6210099999998224
2.6220099999998223
2.623009999999822
2.624009999999822
2.625009999999822
2.626009999999822
2.6270099999998218
2.6280099999998217
2.6290099999998215
2.6300099999998214
2.6310099999998213
2.632009999999821
2.633009999999821
2.634009999999821
2.635009999999821
2.6360099999998208
2.6370099999998207
2.6380099999998206
2.6390099999998204
2.6400099999998203
2.6410099999998202
2.64200999999982
2.64300999999982
2.64400999999982
2.64500999999982
2.6460099999998197
2.6470099999998196
2.6480099999998195
2.6490099999998193
2.6500099999998192
2.651009999999819
2.652009999999819
2.653009999999819
2.654009999999819
2.6550099999998187
2.6560099999998186
2.6570099999998185
2.6580099999998184
2.6590099999998182
2.660009999999818
2.661009999999818
2.662009999999818
2.663009999999818
2.6640099999998177
2.6650099999998176
2.6660099999998175
2.6670099999998174
2.6680099999998172
2.669009999999817
2.670009999999817
2.671009999999817
2.672009999999817
2.6730099999998167
2.6740099999998166
2.6750099999998165
2.6760099999998164
2.6770099999998163
2.678009999999816
2.679009999999816
2.680009999999816
2.681009999999816
2.6820099999998157
2.6830099999998156
2.6840099999998155
2.6850099999998154
2.6860099999998153
2.687009999999815
2.688009999999815
2.689009999999815
2.690009999999815
2.6910099999998147
2.6920099999998146
2.6930099999998145
2.6940099999998144
2.6950099999998143
2.696009999999814
2.697009999999814
2.698009999999814
2.699009999999814
2.7000099999998137
2.7010099999998136
2.7020099999998135
2.7030099999998134
2.7040099999998133
2.705009999999813
2.706009999999813
2.707009999999813
2.708009999999813
2.7090099999998127
2.7100099999998126
2.7110099999998125
2.7120099999998124
2.7130099999998123
2.714009999999812
2.715009999999812
2.716009999999812
2.717009999999812
2.7180099999998117
2.7190099999998116
2.7200099999998115
2.7210099999998114
2.7220099999998113
2.723009999999811
2.724009999999811
2.725009999999811
2.726009999999811
2.7270099999998108
2.7280099999998106
2.7290099999998105
2.7300099999998104
2.7310099999998103
2.73200999999981
2.73300999999981
2.73400999999981
2.73500999999981
2.7360099999998098
2.7370099999998097
2.7380099999998095
2.7390099999998094
2.7400099999998093
2.741009999999809
2.742009999999809
2.743009999999809
2.744009999999809
2.7450099999998088
2.7460099999998087
2.7470099999998085
2.7480099999998084
2.7490099999998083
2.750009999999808
2.751009999999808
2.752009999999808
2.753009999999808
2.754009999999808
2.7550099999998077
2.7560099999998076
2.7570099999998074
2.7580099999998073
2.7590099999998072
2.760009999999807
2.761009999999807
2.762009999999807
2.763009999999807
2.7640099999998067
2.7650099999998066
2.7660099999998065
2.7670099999998063
2.7680099999998062
2.769009999999806
2.770009999999806
2.771009999999806
2.772009999999806
2.7730099999998057
2.7740099999998056
2.7750099999998055
2.7760099999998054
2.7770099999998052
2.778009999999805
2.779009999999805
2.780009999999805
2.781009999999805
2.7820099999998047
2.7830099999998046
2.7840099999998045
2.7850099999998044
2.7860099999998043
2.787009999999804
2.788009999999804
2.789009999999804
2.790009999999804
2.7910099999998037
2.7920099999998036
2.7930099999998035
2.7940099999998034
2.7950099999998033
2.796009999999803
2.797009999999803
2.798009999999803
2.799009999999803
2.8000099999998027
2.8010099999998026
2.8020099999998025
2.8030099999998024
2.8040099999998023
2.805009999999802
2.806009999999802
2.807009999999802
2.808009999999802
2.8090099999998017
2.8100099999998016
2.8110099999998015
2.8120099999998014
2.8130099999998013
2.814009999999801
2.815009999999801
2.816009999999801
2.817009999999801
2.8180099999998007
2.8190099999998006
2.8200099999998005
2.8210099999998004
2.8220099999998003
2.8230099999998
2.8240099999998
2.8250099999998
2.8260099999998
2.8270099999997997
2.8280099999997996
2.8290099999997995
2.8300099999997994
2.8310099999997993
2.832009999999799
2.833009999999799
2.834009999999799
2.835009999999799
2.8360099999997987
2.8370099999997986
2.8380099999997985
2.8390099999997984
2.8400099999997983
2.841009999999798
2.842009999999798
2.843009999999798
2.844009999999798
2.8450099999997978
2.8460099999997976
2.8470099999997975
2.8480099999997974
2.8490099999997973
2.850009999999797
2.851009999999797
2.852009999999797
2.853009999999797
2.8540099999997968
2.8550099999997967
2.8560099999997965
2.8570099999997964
2.8580099999997963
2.859009999999796
2.860009999999796
2.861009999999796
2.862009999999796
2.8630099999997958
2.8640099999997957
2.8650099999997956
2.8660099999997954
2.8670099999997953
2.8680099999997952
2.869009999999795
2.870009999999795
2.871009999999795
2.872009999999795
2.8730099999997947
2.8740099999997946
2.8750099999997945
2.8760099999997943
2.8770099999997942
2.878009999999794
2.879009999999794
2.880009999999794
2.881009999999794
2.8820099999997937
2.8830099999997936
2.8840099999997935
2.8850099999997934
2.8860099999997932
2.887009999999793
2.888009999999793
2.889009999999793
2.890009999999793
2.8910099999997927
2.8920099999997926
2.8930099999997925
2.8940099999997924
2.8950099999997922
2.896009999999792
2.897009999999792
2.898009999999792
2.899009999999792
2.9000099999997917
2.9010099999997916
2.9020099999997915
2.9030099999997914
2.9040099999997913
2.905009999999791
2.906009999999791
2.907009999999791
2.908009999999791
2.9090099999997907
2.9100099999997906
2.9110099999997905
2.9120099999997904
2.9130099999997903
2.91400999999979
2.91500999999979
2.91600999999979
2.91700999999979
2.9180099999997897
2.9190099999997896
2.9200099999997895
2.9210099999997894
2.9220099999997893
2.923009999999789
2.924009999999789
2.925009999999789
2.926009999999789
2.9270099999997887
2.9280099999997886
2.9290099999997885
2.9300099999997884
2.9310099999997883
2.932009999999788
2.933009999999788
2.934009999999788
2.935009999999788
2.9360099999997877
2.9370099999997876
2.9380099999997875
2.9390099999997874
2.9400099999997873
2.941009999999787
2.942009999999787
2.943009999999787
2.944009999999787
2.9450099999997867
2.9460099999997866
2.9470099999997865
2.9480099999997864
2.9490099999997863
2.950009999999786
2.951009999999786
2.952009999999786
2.953009999999786
2.9540099999997858
2.9550099999997856
2.9560099999997855
2.9570099999997854
2.9580099999997853
2.959009999999785
2.960009999999785
2.961009999999785
2.962009999999785
2.9630099999997848
2.9640099999997847
2.9650099999997845
2.9660099999997844
2.9670099999997843
2.968009999999784
2.969009999999784
2.970009999999784
2.971009999999784
2.9720099999997838
2.9730099999997837
2.9740099999997835
2.9750099999997834
2.9760099999997833
2.977009999999783
2.978009999999783
2.979009999999783
2.980009999999783
2.981009999999783
2.9820099999997827
2.9830099999997826
2.9840099999997824
2.9850099999997823
2.9860099999997822
2.987009999999782
2.988009999999782
2.989009999999782
2.990009999999782
2.9910099999997817
2.9920099999997816
2.9930099999997815
2.9940099999997813
2.9950099999997812
2.996009999999781
2.997009999999781
2.998009999999781
2.999009999999781
3.0000099999997807
3.0010099999997806
3.0020099999997805
3.0030099999997804
3.0040099999997802
3.00500999999978
3.00600999999978
3.00700999999978
3.00800999999978
3.0090099999997797
3.0100099999997796
3.0110099999997795
3.0120099999997794
3.0130099999997793
3.014009999999779
3.015009999999779
3.016009999999779
3.017009999999779
3.0180099999997787
3.0190099999997786
3.0200099999997785
3.0210099999997784
3.0220099999997783
3.023009999999778
3.024009999999778
3.025009999999778
3.026009999999778
3.0270099999997777
3.0280099999997776
3.0290099999997775
3.0300099999997774
3.0310099999997773
3.032009999999777
3.033009999999777
3.034009999999777
3.035009999999777
3.0360099999997767
3.0370099999997766
3.0380099999997765
3.0390099999997764
3.0400099999997763
3.041009999999776
3.042009999999776
3.043009999999776
3.044009999999776
3.0450099999997757
3.0460099999997756
3.0470099999997755
3.0480099999997754
3.0490099999997753
3.050009999999775
3.051009999999775
3.052009999999775
3.053009999999775
3.0540099999997747
3.0550099999997746
3.0560099999997745
3.0570099999997744
3.0580099999997743
3.059009999999774
3.060009999999774
3.061009999999774
3.062009999999774
3.0630099999997737
3.0640099999997736
3.0650099999997735
3.0660099999997734
3.0670099999997733
3.068009999999773
3.069009999999773
3.070009999999773
3.071009999999773
3.0720099999997728
3.0730099999997726
3.0740099999997725
3.0750099999997724
3.0760099999997723
3.077009999999772
3.078009999999772
3.079009999999772
3.080009999999772
3.0810099999997718
3.0820099999997717
3.0830099999997715
3.0840099999997714
3.0850099999997713
3.086009999999771
3.087009999999771
3.088009999999771
3.089009999999771
3.0900099999997708
3.0910099999997707
3.0920099999997706
3.0930099999997704
3.0940099999997703
3.0950099999997702
3.09600999999977
3.09700999999977
3.09800999999977
3.09900999999977
3.1000099999997697
3.1010099999997696
3.1020099999997695
3.1030099999997693
3.1040099999997692
3.105009999999769
3.106009999999769
3.107009999999769
3.108009999999769
3.1090099999997687
3.1100099999997686
3.1110099999997685
3.1120099999997684
3.1130099999997682
3.114009999999768
3.115009999999768
3.116009999999768
3.117009999999768
3.1180099999997677
3.1190099999997676
3.1200099999997675
3.1210099999997674
3.1220099999997672
3.123009999999767
3.124009999999767
3.125009999999767
3.126009999999767
3.1270099999997667
3.1280099999997666
3.1290099999997665
3.1300099999997664
3.1310099999997663
3.132009999999766
3.133009999999766
3.134009999999766
3.135009999999766
3.1360099999997657
3.1370099999997656
3.1380099999997655
3.1390099999997654
3.1400099999997653
3.141009999999765
3.142009999999765
3.143009999999765
3.144009999999765
3.1450099999997647
3.1460099999997646
3.1470099999997645
3.1480099999997644
3.1490099999997643
3.150009999999764
3.151009999999764
3.152009999999764
3.153009999999764
3.1540099999997637
3.1550099999997636
3.1560099999997635
3.1570099999997634
3.1580099999997633
3.159009999999763
3.160009999999763
3.161009999999763
3.162009999999763
3.1630099999997627
3.1640099999997626
3.1650099999997625
3.1660099999997624
3.1670099999997623
3.168009999999762
3.169009999999762
3.170009999999762
3.171009999999762
3.1720099999997617
3.1730099999997616
3.1740099999997615
3.1750099999997614
3.1760099999997613
3.177009999999761
3.178009999999761
3.179009999999761
3.180009999999761
3.1810099999997608
3.1820099999997606
3.1830099999997605
3.1840099999997604
3.1850099999997603
3.18600999999976
3.18700999999976
3.18800999999976
3.18900999999976
3.1900099999997598
3.1910099999997596
3.1920099999997595
3.1930099999997594
3.1940099999997593
3.195009999999759
3.196009999999759
3.197009999999759
3.198009999999759
3.1990099999997588
3.2000099999997587
3.2010099999997585
3.2020099999997584
3.2030099999997583
3.204009999999758
3.205009999999758
3.206009999999758
3.207009999999758
3.2080099999997578
3.2090099999997577
3.2100099999997576
3.2110099999997574
3.2120099999997573
3.2130099999997572
3.214009999999757
3.215009999999757
3.216009999999757
3.217009999999757
3.2180099999997567
3.2190099999997566
3.2200099999997565
3.2210099999997563
3.2220099999997562
3.223009999999756
3.224009999999756
3.225009999999756
3.226009999999756
3.2270099999997557
3.2280099999997556
3.2290099999997555
3.2300099999997554
3.2310099999997552
3.232009999999755
3.233009999999755
3.234009999999755
3.235009999999755
3.2360099999997547
3.2370099999997546
3.2380099999997545
3.2390099999997544
3.2400099999997543
3.241009999999754
3.242009999999754
3.243009999999754
3.244009999999754
3.2450099999997537
3.2460099999997536
3.2470099999997535
3.2480099999997534
3.2490099999997533
3.250009999999753
3.251009999999753
3.252009999999753
3.253009999999753
3.2540099999997527
3.2550099999997526
3.2560099999997525
3.2570099999997524
3.2580099999997523
3.259009999999752
3.260009999999752
3.261009999999752
3.262009999999752
3.2630099999997517
3.2640099999997516
3.2650099999997515
3.2660099999997514
3.2670099999997513
3.268009999999751
3.269009999999751
3.270009999999751
3.271009999999751
3.2720099999997507
3.2730099999997506
3.2740099999997505
3.2750099999997504
3.2760099999997503
3.27700999999975
3.27800999999975
3.27900999999975
3.28000999999975
3.2810099999997497
3.2820099999997496
3.2830099999997495
3.2840099999997494
3.2850099999997493
3.286009999999749
3.287009999999749
3.288009999999749
3.289009999999749
3.2900099999997487
3.2910099999997486
3.2920099999997485
3.2930099999997484
3.2940099999997483
3.295009999999748
3.296009999999748
3.297009999999748
3.298009999999748
3.2990099999997478
3.3000099999997476
3.3010099999997475
3.3020099999997474
3.3030099999997473
3.304009999999747
3.305009999999747
3.306009999999747
3.307009999999747
3.3080099999997468
3.3090099999997467
3.3100099999997465
3.3110099999997464
3.3120099999997463
3.313009999999746
3.314009999999746
3.315009999999746
3.316009999999746
3.3170099999997458
3.3180099999997457
3.3190099999997456
3.3200099999997454
3.3210099999997453
3.3220099999997452
3.323009999999745
3.324009999999745
3.325009999999745
3.326009999999745
3.3270099999997447
3.3280099999997446
3.3290099999997445
3.3300099999997443
3.3310099999997442
3.332009999999744
3.333009999999744
3.334009999999744
3.335009999999744
3.3360099999997437
3.3370099999997436
3.3380099999997435
3.3390099999997433
3.3400099999997432
3.341009999999743
3.342009999999743
3.343009999999743
3.344009999999743
3.3450099999997427
3.3460099999997426
3.3470099999997425
3.3480099999997424
3.3490099999997422
3.350009999999742
3.351009999999742
3.352009999999742
3.353009999999742
3.3540099999997417
3.3550099999997416
3.3560099999997415
3.3570099999997414
3.3580099999997413
3.359009999999741
3.360009999999741
3.361009999999741
3.362009999999741
3.3630099999997407
3.3640099999997406
3.3650099999997405
3.3660099999997404
3.3670099999997403
3.36800999999974
3.36900999999974
3.37000999999974
3.37100999999974
3.3720099999997397
3.3730099999997396
3.3740099999997395
3.3750099999997394
3.3760099999997393
3.377009999999739
3.378009999999739
3.379009999999739
3.380009999999739
3.3810099999997387
3.3820099999997386
3.3830099999997385
3.3840099999997384
3.3850099999997383
3.386009999999738
3.387009999999738
3.388009999999738
3.389009999999738
3.3900099999997377
3.3910099999997376
3.3920099999997375
3.3930099999997374
3.3940099999997373
3.395009999999737
3.396009999999737
3.397009999999737
3.398009999999737
3.3990099999997367
3.4000099999997366
3.4010099999997365
3.4020099999997364
3.4030099999997363
3.404009999999736
3.405009999999736
3.406009999999736
3.407009999999736
3.4080099999997358
3.4090099999997356
3.4100099999997355
3.4110099999997354
3.4120099999997353
3.413009999999735
3.414009999999735
3.415009999999735
3.416009999999735
3.4170099999997348
3.4180099999997346
3.4190099999997345
3.4200099999997344
3.4210099999997343
3.422009999999734
3.423009999999734
3.424009999999734
3.425009999999734
3.4260099999997338
3.4270099999997337
3.4280099999997335
3.4290099999997334
3.4300099999997333
3.431009999999733
3.432009999999733
3.433009999999733
3.434009999999733
3.4350099999997328
3.4360099999997327
3.4370099999997326
3.4380099999997324
3.4390099999997323
3.4400099999997322
3.441009999999732
3.442009999999732
3.443009999999732
3.444009999999732
3.4450099999997317
3.4460099999997316
3.4470099999997315
3.4480099999997313
3.4490099999997312
3.450009999999731
3.451009999999731
3.452009999999731
3.453009999999731
3.4540099999997307
3.4550099999997306
3.4560099999997305
3.4570099999997304
3.4580099999997302
3.45900999999973
3.46000999999973
3.46100999999973
3.46200999999973
3.4630099999997297
3.4640099999997296
3.4650099999997295
3.4660099999997294
3.4670099999997293
3.468009999999729
3.469009999999729
3.470009999999729
3.471009999999729
3.4720099999997287
3.4730099999997286
3.4740099999997285
3.4750099999997284
3.4760099999997283
3.477009999999728
3.478009999999728
3.479009999999728
3.480009999999728
3.4810099999997277
3.4820099999997276
3.4830099999997275
3.4840099999997274
3.4850099999997273
3.486009999999727
3.487009999999727
3.488009999999727
3.489009999999727
3.4900099999997267
3.4910099999997266
3.4920099999997265
3.4930099999997264
3.4940099999997263
3.495009999999726
3.496009999999726
3.497009999999726
3.498009999999726
3.4990099999997257
3.5000099999997256
3.5010099999997255
3.5020099999997254
3.5030099999997253
3.504009999999725
3.505009999999725
3.506009999999725
3.507009999999725
3.5080099999997247
3.5090099999997246
3.5100099999997245
3.5110099999997244
3.5120099999997243
3.513009999999724
3.514009999999724
3.515009999999724
3.516009999999724
3.5170099999997237
3.5180099999997236
3.5190099999997235
3.5200099999997234
3.5210099999997233
3.522009999999723
3.523009999999723
3.524009999999723
3.525009999999723
3.5260099999997228
3.5270099999997226
3.5280099999997225
3.5290099999997224
3.5300099999997223
3.531009999999722
3.532009999999722
3.533009999999722
3.534009999999722
3.5350099999997218
3.5360099999997217
3.5370099999997215
3.5380099999997214
3.5390099999997213
3.540009999999721
3.541009999999721
3.542009999999721
3.543009999999721
3.5440099999997208
3.5450099999997207
3.5460099999997206
3.5470099999997204
3.5480099999997203
3.54900999999972
3.55000999999972
3.55100999999972
3.55200999999972
3.55300999999972
3.5540099999997197
3.5550099999997196
3.5560099999997195
3.5570099999997193
3.5580099999997192
3.559009999999719
3.560009999999719
3.561009999999719
3.562009999999719
3.5630099999997187
3.5640099999997186
3.5650099999997185
3.5660099999997183
3.5670099999997182
3.568009999999718
3.569009999999718
3.570009999999718
3.571009999999718
3.5720099999997177
3.5730099999997176
3.5740099999997175
3.5750099999997174
3.5760099999997172
3.577009999999717
3.578009999999717
3.579009999999717
3.580009999999717
3.5810099999997167
3.5820099999997166
3.5830099999997165
3.5840099999997164
3.5850099999997163
3.586009999999716
3.587009999999716
3.588009999999716
3.589009999999716
3.5900099999997157
3.5910099999997156
3.5920099999997155
3.5930099999997154
3.5940099999997153
3.595009999999715
3.596009999999715
3.597009999999715
3.598009999999715
3.5990099999997147
3.6000099999997146
3.6010099999997145
3.6020099999997144
3.6030099999997143
3.604009999999714
3.605009999999714
3.606009999999714
3.607009999999714
3.6080099999997137
3.6090099999997136
3.6100099999997135
3.6110099999997134
3.6120099999997133
3.613009999999713
3.614009999999713
3.615009999999713
3.616009999999713
3.6170099999997127
3.6180099999997126
3.6190099999997125
3.6200099999997124
3.6210099999997123
3.622009999999712
3.623009999999712
3.624009999999712
3.625009999999712
3.6260099999997117
3.6270099999997116
3.6280099999997115
3.6290099999997114
3.6300099999997113
3.631009999999711
3.632009999999711
3.633009999999711
3.634009999999711
3.6350099999997108
3.6360099999997106
3.6370099999997105
3.6380099999997104
3.6390099999997103
3.64000999999971
3.64100999999971
3.64200999999971
3.64300999999971
3.6440099999997098
3.6450099999997096
3.6460099999997095
3.6470099999997094
3.6480099999997093
3.649009999999709
3.650009999999709
3.651009999999709
3.652009999999709
3.6530099999997088
3.6540099999997087
3.6550099999997085
3.6560099999997084
3.6570099999997083
3.658009999999708
3.659009999999708
3.660009999999708
3.661009999999708
3.6620099999997078
3.6630099999997077
3.6640099999997076
3.6650099999997074
3.6660099999997073
3.6670099999997072
3.668009999999707
